Linux 5.8.6-1-MANJARO (bblaszkow-pc-manjaro) 	22.09.2020 	_x86_64_	(4 CPU)

10:49:13        CPU     %user     %nice   %system   %iowait    %steal     %idle
10:49:18        all     36,21      0,36      3,24      0,10      0,00     60,08
10:49:18          0     33,26      0,21      2,26      0,00      0,00     64,27
10:49:18          1     34,98      0,41      6,38      0,21      0,00     58,02
10:49:18          2     41,86      0,21      1,86      0,21      0,00     55,88
10:49:18          3     34,77      0,62      2,47      0,00      0,00     62,14

10:49:18        CPU     %user     %nice   %system   %iowait    %steal     %idle
10:49:23        all     34,25      0,25      2,59      0,00      0,00     62,91
10:49:23          0     31,53      0,00      2,41      0,00      0,00     66,06
10:49:23          1     34,22      0,20      4,68      0,00      0,00     60,90
10:49:23          2     35,71      0,41      1,84      0,00      0,00     62,04
10:49:23          3     35,58      0,41      1,43      0,00      0,00     62,58

10:49:23        CPU     %user     %nice   %system   %iowait    %steal     %idle
10:49:28        all     33,30      0,00      2,51      0,05      0,00     64,14
10:49:28          0     29,57      0,00      2,26      0,00      0,00     68,17
10:49:28          1     32,58      0,00      4,95      0,00      0,00     62,47
10:49:28          2     34,22      0,00      1,43      0,00      0,00     64,34
10:49:28          3     36,79      0,00      1,42      0,20      0,00     61,59

10:49:28        CPU     %user     %nice   %system   %iowait    %steal     %idle
10:49:33        all     34,06      0,25      3,00      0,00      0,00     62,68
10:49:33          0     38,62      0,61      1,83      0,00      0,00     58,94
10:49:33          1     30,22      0,20      6,09      0,00      0,00     63,49
10:49:33          2     32,78      0,21      2,47      0,00      0,00     64,54
10:49:33          3     34,61      0,00      1,61      0,00      0,00     63,78

10:49:33        CPU     %user     %nice   %system   %iowait    %steal     %idle
10:49:38        all     32,17      0,00      3,02      0,00      0,00     64,81
10:49:38          0     32,30      0,00      2,26      0,00      0,00     65,43
10:49:38          1     28,95      0,00      6,68      0,00      0,00     64,37
10:49:38          2     35,52      0,00      1,23      0,00      0,00     63,24
10:49:38          3     31,96      0,00      1,86      0,00      0,00     66,19


Średnia:       CPU     %user     %nice   %system   %iowait    %steal     %idle
Średnia:       all     34,00      0,17      2,87      0,03      0,00     62,93
Średnia:         0     33,06      0,16      2,20      0,00      0,00     64,57
Średnia:         1     32,18      0,16      5,76      0,04      0,00     61,86
Średnia:         2     36,02      0,16      1,77      0,04      0,00     62,01
Średnia:         3     34,75      0,20      1,76      0,04      0,00     63,25
