Linux 5.8.6-1-MANJARO (bblaszkow-pc-manjaro) 	22.09.2020 	_x86_64_	(4 CPU)

10:46:03        CPU     %user     %nice   %system   %iowait    %steal     %idle
10:46:08        all     27,36      0,35      3,90      0,15      0,00     68,24
10:46:08          0     26,46      0,40      2,83      0,00      0,00     70,30
10:46:08          1     26,28      0,00      5,75      0,62      0,00     67,35
10:46:08          2     30,06      0,40      4,21      0,00      0,00     65,33
10:46:08          3     26,57      0,61      2,84      0,00      0,00     69,98

10:46:08        CPU     %user     %nice   %system   %iowait    %steal     %idle
10:46:13        all     21,03      0,00      2,94      0,00      0,00     76,03
10:46:13          0     23,08      0,00      3,33      0,00      0,00     73,60
10:46:13          1     19,32      0,00      5,10      0,00      0,00     75,58
10:46:13          2     22,34      0,00      2,09      0,00      0,00     75,57
10:46:13          3     19,32      0,00      1,27      0,00      0,00     79,41

10:46:13        CPU     %user     %nice   %system   %iowait    %steal     %idle
10:46:18        all     23,97      0,31      3,19      0,00      0,00     72,53
10:46:18          0     30,14      0,20      3,79      0,00      0,00     65,87
10:46:18          1     22,41      0,21      4,77      0,00      0,00     72,61
10:46:18          2     21,88      0,42      1,67      0,00      0,00     76,04
10:46:18          3     21,21      0,42      2,49      0,00      0,00     75,88

10:46:18        CPU     %user     %nice   %system   %iowait    %steal     %idle
10:46:23        all     23,32      0,05      3,28      0,00      0,00     73,35
10:46:23          0     20,46      0,00      1,46      0,00      0,00     78,08
10:46:23          1     26,69      0,20      7,17      0,00      0,00     65,94
10:46:23          2     22,57      0,00      1,86      0,00      0,00     75,57
10:46:23          3     23,41      0,00      2,46      0,00      0,00     74,13

10:46:23        CPU     %user     %nice   %system   %iowait    %steal     %idle
10:46:28        all     23,57      0,00      3,46      0,05      0,00     72,92
10:46:28          0     25,66      0,00      3,87      0,00      0,00     70,47
10:46:28          1     22,55      0,00      5,43      0,21      0,00     71,82
10:46:28          2     21,41      0,00      2,91      0,00      0,00     75,68
10:46:28          3     24,59      0,00      1,65      0,00      0,00     73,76

10:46:28        CPU     %user     %nice   %system   %iowait    %steal     %idle
10:46:33        all     17,01      0,00      3,32      0,05      0,00     79,62
10:46:33          0     18,76      0,00      2,79      0,20      0,00     78,24
10:46:33          1     14,52      0,00      5,44      0,00      0,00     80,04
10:46:33          2     17,17      0,00      2,02      0,00      0,00     80,81
10:46:33          3     17,58      0,00      3,03      0,00      0,00     79,39



Średnia:       CPU     %user     %nice   %system   %iowait    %steal     %idle
Średnia:       all     22,71      0,12      3,35      0,04      0,00     73,78
Średnia:         0     24,12      0,10      3,02      0,03      0,00     72,73
Średnia:         1     21,97      0,07      5,62      0,14      0,00     72,20
Średnia:         2     22,59      0,14      2,47      0,00      0,00     74,80
Średnia:         3     22,12      0,17      2,30      0,00      0,00     75,40
