Linux 5.8.6-1-MANJARO (bblaszkow-pc-manjaro) 	22.09.2020 	_x86_64_	(4 CPU)

10:50:11        CPU     %user     %nice   %system   %iowait    %steal     %idle
10:50:16        all     53,55      0,51      3,60      0,05      0,00     42,29
10:50:16          0     51,43      0,82      3,28      0,00      0,00     44,47
10:50:16          1     49,28      0,82      5,54      0,21      0,00     44,15
10:50:16          2     51,45      0,21      3,10      0,00      0,00     45,25
10:50:16          3     62,01      0,21      2,46      0,00      0,00     35,32

10:50:16        CPU     %user     %nice   %system   %iowait    %steal     %idle
10:50:21        all     53,30      0,21      2,73      0,00      0,00     43,76
10:50:21          0     53,93      0,21      1,86      0,00      0,00     44,01
10:50:21          1     52,27      0,21      5,17      0,00      0,00     42,36
10:50:21          2     53,07      0,20      2,46      0,00      0,00     44,26
10:50:21          3     53,93      0,21      1,45      0,00      0,00     44,42

10:50:21        CPU     %user     %nice   %system   %iowait    %steal     %idle
10:50:26        all     52,28      0,00      2,22      0,00      0,00     45,50
10:50:26          0     53,42      0,00      1,45      0,00      0,00     45,13
10:50:26          1     51,34      0,00      4,33      0,00      0,00     44,33
10:50:26          2     52,61      0,00      0,84      0,00      0,00     46,56
10:50:26          3     51,75      0,00      2,26      0,00      0,00     46,00

10:50:26        CPU     %user     %nice   %system   %iowait    %steal     %idle
10:50:31        all     53,32      0,10      2,68      0,00      0,00     43,90
10:50:31          0     53,40      0,00      1,44      0,00      0,00     45,15
10:50:31          1     50,72      0,21      6,16      0,00      0,00     42,92
10:50:31          2     53,80      0,21      1,64      0,00      0,00     44,35
10:50:31          3     55,37      0,00      1,45      0,00      0,00     43,18

10:50:31        CPU     %user     %nice   %system   %iowait    %steal     %idle
10:50:36        all     52,11      0,00      2,18      0,00      0,00     45,71
10:50:36          0     55,32      0,00      0,84      0,00      0,00     43,84
10:50:36          1     50,62      0,00      4,79      0,00      0,00     44,58
10:50:36          2     51,23      0,00      1,85      0,00      0,00     46,91
10:50:36          3     51,26      0,00      1,26      0,00      0,00     47,49


Średnia:       CPU     %user     %nice   %system   %iowait    %steal     %idle
Średnia:       all     52,91      0,17      2,68      0,01      0,00     44,23
Średnia:         0     53,49      0,21      1,78      0,00      0,00     44,52
Średnia:         1     50,85      0,25      5,20      0,04      0,00     43,66
Średnia:         2     52,43      0,12      1,98      0,00      0,00     45,46
Średnia:         3     54,88      0,08      1,78      0,00      0,00     43,26
