Linux 5.8.6-1-MANJARO (bblaszkow-pc-manjaro) 	22.09.2020 	_x86_64_	(4 CPU)

10:47:39        CPU     %user     %nice   %system   %iowait    %steal     %idle
10:47:44        all     54,33      0,31      4,43      0,05      0,00     40,88
10:47:44          0     54,83      0,82      2,67      0,21      0,00     41,48
10:47:44          1     55,44      0,21      9,24      0,00      0,00     35,11
10:47:44          2     56,61      0,00      2,48      0,00      0,00     40,91
10:47:44          3     50,41      0,21      3,32      0,00      0,00     46,06

10:47:44        CPU     %user     %nice   %system   %iowait    %steal     %idle
10:47:49        all     53,48      0,00      3,48      0,05      0,00     42,99
10:47:49          0     56,94      0,00      2,98      0,00      0,00     40,08
10:47:49          1     54,83      0,00      7,89      0,20      0,00     37,08
10:47:49          2     49,61      0,00      1,54      0,00      0,00     48,84
10:47:49          3     52,64      0,00      1,57      0,00      0,00     45,79

10:47:49        CPU     %user     %nice   %system   %iowait    %steal     %idle
10:47:54        all     54,54      0,05      3,73      0,00      0,00     41,68
10:47:54          0     50,30      0,00      1,21      0,00      0,00     48,49
10:47:54          1     49,39      0,00      4,05      0,00      0,00     46,56
10:47:54          2     63,29      0,00      6,09      0,00      0,00     30,63
10:47:54          3     55,20      0,20      3,60      0,00      0,00     41,00

10:47:54        CPU     %user     %nice   %system   %iowait    %steal     %idle
10:47:59        all     53,74      0,05      3,89      0,00      0,00     42,32
10:47:59          0     53,83      0,00      2,82      0,00      0,00     43,35
10:47:59          1     48,08      0,00      5,25      0,00      0,00     46,67
10:47:59          2     58,70      0,20      5,67      0,00      0,00     35,43
10:47:59          3     54,34      0,00      1,82      0,00      0,00     43,84

10:47:59        CPU     %user     %nice   %system   %iowait    %steal     %idle
10:48:04        all     54,40      0,00      3,44      0,05      0,00     42,11
10:48:04          0     58,56      0,00      5,36      0,00      0,00     36,08
10:48:04          1     48,84      0,00      3,79      0,00      0,00     47,37
10:48:04          2     52,94      0,00      1,05      0,21      0,00     45,80
10:48:04          3     57,14      0,00      3,52      0,00      0,00     39,34

10:48:04        CPU     %user     %nice   %system   %iowait    %steal     %idle
10:48:09        all     44,67      0,66      3,57      0,05      0,00     51,05
10:48:09          0     42,60      0,00      1,62      0,00      0,00     55,78
10:48:09          1     40,82      0,82      4,90      0,20      0,00     53,27
10:48:09          2     45,74      0,62      2,70      0,00      0,00     50,94
10:48:09          3     49,49      1,21      5,05      0,00      0,00     44,24


Średnia:       CPU     %user     %nice   %system   %iowait    %steal     %idle
Średnia:       all     52,53      0,18      3,76      0,03      0,00     43,50
Średnia:         0     52,84      0,14      2,77      0,03      0,00     44,23
Średnia:         1     49,59      0,17      5,87      0,07      0,00     44,30
Średnia:         2     54,48      0,14      3,26      0,03      0,00     42,09
Średnia:         3     53,20      0,27      3,14      0,00      0,00     43,39
