Linux 5.8.6-1-MANJARO (bblaszkow-pc-manjaro) 	28.09.2020 	_x86_64_	(4 CPU)

01:33:20        CPU     %user     %nice   %system   %iowait    %steal     %idle
01:33:21        all     72,80      1,51      7,56      0,00      0,00     18,14
01:33:21          0     67,33      0,99      7,92      0,00      0,00     23,76
01:33:21          1     81,00      1,00     16,00      0,00      0,00      2,00
01:33:21          2     75,25      0,00      3,96      0,00      0,00     20,79
01:33:21          3     67,37      4,21      2,11      0,00      0,00     26,32

01:33:21        CPU     %user     %nice   %system   %iowait    %steal     %idle
01:33:22        all     74,44      0,25      5,21      0,00      0,00     20,10
01:33:22          0     70,30      0,00      1,98      0,00      0,00     27,72
01:33:22          1     86,87      0,00     12,12      0,00      0,00      1,01
01:33:22          2     73,27      0,00      2,97      0,00      0,00     23,76
01:33:22          3     67,65      0,98      3,92      0,00      0,00     27,45

01:33:22        CPU     %user     %nice   %system   %iowait    %steal     %idle
01:33:23        all     71,57      0,25      2,21      0,00      0,00     25,98
01:33:23          0     66,34      0,00      0,00      0,00      0,00     33,66
01:33:23          1     74,76      0,00      4,85      0,00      0,00     20,39
01:33:23          2     73,08      0,96      2,88      0,00      0,00     23,08
01:33:23          3     72,00      0,00      1,00      0,00      0,00     27,00

01:33:23        CPU     %user     %nice   %system   %iowait    %steal     %idle
01:33:24        all     69,72      0,00      3,31      0,00      0,00     26,97
01:33:24          0     71,72      0,00      3,03      0,00      0,00     25,25
01:33:24          1     66,32      0,00      4,21      0,00      0,00     29,47
01:33:24          2     73,00      0,00      2,00      0,00      0,00     25,00
01:33:24          3     67,68      0,00      4,04      0,00      0,00     28,28

01:33:24        CPU     %user     %nice   %system   %iowait    %steal     %idle
01:33:25        all     66,50      0,00      1,74      0,00      0,00     31,76
01:33:25          0     64,00      0,00      1,00      0,00      0,00     35,00
01:33:25          1     58,82      0,00      2,94      0,00      0,00     38,24
01:33:25          2     79,21      0,00      2,97      0,00      0,00     17,82
01:33:25          3     64,00      0,00      0,00      0,00      0,00     36,00

01:33:25        CPU     %user     %nice   %system   %iowait    %steal     %idle
01:33:26        all     62,50      0,00      3,43      0,00      0,00     34,07
01:33:26          0     59,22      0,00      1,94      0,00      0,00     38,83
01:33:26          1     56,44      0,00      4,95      0,00      0,00     38,61
01:33:26          2     77,23      0,00      4,95      0,00      0,00     17,82
01:33:26          3     57,28      0,00      1,94      0,00      0,00     40,78

01:33:26        CPU     %user     %nice   %system   %iowait    %steal     %idle
01:33:27        all     63,46      0,00      3,21      0,00      0,00     33,33
01:33:27          0     59,00      0,00      1,00      0,00      0,00     40,00
01:33:27          1     59,22      0,00      3,88      0,00      0,00     36,89
01:33:27          2     78,22      0,00      5,94      0,00      0,00     15,84
01:33:27          3     57,43      0,00      1,98      0,00      0,00     40,59

01:33:27        CPU     %user     %nice   %system   %iowait    %steal     %idle
01:33:28        all     64,76      0,00      1,49      0,00      0,00     33,75
01:33:28          0     64,00      0,00      0,00      0,00      0,00     36,00
01:33:28          1     58,00      0,00      3,00      0,00      0,00     39,00
01:33:28          2     78,43      0,00      1,96      0,00      0,00     19,61
01:33:28          3     58,42      0,00      0,99      0,00      0,00     40,59

01:33:28        CPU     %user     %nice   %system   %iowait    %steal     %idle
01:33:29        all     59,54      0,00      3,56      0,00      0,00     36,90
01:33:29          0     61,62      0,00      3,03      0,00      0,00     35,35
01:33:29          1     54,64      0,00      3,09      0,00      0,00     42,27
01:33:29          2     61,86      0,00      3,09      0,00      0,00     35,05
01:33:29          3     60,00      0,00      5,00      0,00      0,00     35,00

01:33:29        CPU     %user     %nice   %system   %iowait    %steal     %idle
01:33:30        all     67,09      0,00      2,26      0,00      0,00     30,65
01:33:30          0     65,35      0,00      0,00      0,00      0,00     34,65
01:33:30          1     70,00      0,00      7,00      0,00      0,00     23,00
01:33:30          2     66,67      0,00      1,01      0,00      0,00     32,32
01:33:30          3     66,33      0,00      1,02      0,00      0,00     32,65

01:33:30        CPU     %user     %nice   %system   %iowait    %steal     %idle
01:33:31        all     68,32      0,00      2,48      0,00      0,00     29,21
01:33:31          0     82,35      0,00      4,90      0,00      0,00     12,75
01:33:31          1     62,75      0,00      3,92      0,00      0,00     33,33
01:33:31          2     63,27      0,00      0,00      0,00      0,00     36,73
01:33:31          3     64,71      0,00      0,98      0,00      0,00     34,31

01:33:31        CPU     %user     %nice   %system   %iowait    %steal     %idle
01:33:32        all     68,32      0,00      1,73      0,00      0,00     29,95
01:33:32          0     81,37      0,00      3,92      0,00      0,00     14,71
01:33:32          1     63,27      0,00      2,04      0,00      0,00     34,69
01:33:32          2     65,05      0,00      0,97      0,00      0,00     33,98
01:33:32          3     63,37      0,00      0,00      0,00      0,00     36,63

01:33:32        CPU     %user     %nice   %system   %iowait    %steal     %idle
01:33:33        all     67,42      0,00      2,76      0,00      0,00     29,82
01:33:33          0     75,76      0,00      2,02      0,00      0,00     22,22
01:33:33          1     60,40      0,00      3,96      0,00      0,00     35,64
01:33:33          2     71,29      0,00      2,97      0,00      0,00     25,74
01:33:33          3     62,24      0,00      2,04      0,00      0,00     35,71

01:33:33        CPU     %user     %nice   %system   %iowait    %steal     %idle
01:33:34        all     60,00      0,00      3,00      0,00      0,00     37,00
01:33:34          0     66,67      0,00      1,96      0,00      0,00     31,37
01:33:34          1     53,06      0,00      8,16      0,00      0,00     38,78
01:33:34          2     63,00      0,00      1,00      0,00      0,00     36,00
01:33:34          3     57,00      0,00      1,00      0,00      0,00     42,00

01:33:34        CPU     %user     %nice   %system   %iowait    %steal     %idle
01:33:35        all     60,46      0,00      2,55      0,00      0,00     36,99
01:33:35          0     62,50      0,00      3,12      0,00      0,00     34,38
01:33:35          1     56,12      0,00      4,08      0,00      0,00     39,80
01:33:35          2     65,66      0,00      1,01      0,00      0,00     33,33
01:33:35          3     57,58      0,00      2,02      0,00      0,00     40,40

01:33:35        CPU     %user     %nice   %system   %iowait    %steal     %idle
01:33:36        all     60,51      0,00      3,80      0,00      0,00     35,70
01:33:36          0     56,57      0,00      2,02      0,00      0,00     41,41
01:33:36          1     54,64      0,00      6,19      0,00      0,00     39,18
01:33:36          2     72,28      0,00      5,94      0,00      0,00     21,78
01:33:36          3     58,16      0,00      1,02      0,00      0,00     40,82

01:33:36        CPU     %user     %nice   %system   %iowait    %steal     %idle
01:33:37        all     60,25      0,00      2,53      0,00      0,00     37,22
01:33:37          0     54,55      0,00      2,02      0,00      0,00     43,43
01:33:37          1     54,64      0,00      4,12      0,00      0,00     41,24
01:33:37          2     75,00      0,00      3,00      0,00      0,00     22,00
01:33:37          3     56,57      0,00      1,01      0,00      0,00     42,42

01:33:37        CPU     %user     %nice   %system   %iowait    %steal     %idle
01:33:38        all     66,42      0,24      4,14      0,00      0,00     29,20
01:33:38          0     75,00      0,00      4,81      0,00      0,00     20,19
01:33:38          1     66,67      0,00      5,05      0,00      0,00     28,28
01:33:38          2     60,95      0,95      3,81      0,00      0,00     34,29
01:33:38          3     63,11      0,00      2,91      0,00      0,00     33,98

01:33:38        CPU     %user     %nice   %system   %iowait    %steal     %idle
01:33:39        all     67,34      0,00      3,04      0,00      0,00     29,62
01:33:39          0     61,86      0,00      1,03      0,00      0,00     37,11
01:33:39          1     76,47      0,00      6,86      0,00      0,00     16,67
01:33:39          2     64,58      0,00      1,04      0,00      0,00     34,38
01:33:39          3     66,00      0,00      3,00      0,00      0,00     31,00

01:33:39        CPU     %user     %nice   %system   %iowait    %steal     %idle
01:33:40        all     68,50      0,00      2,75      0,00      0,00     28,75
01:33:40          0     68,69      0,00      0,00      0,00      0,00     31,31
01:33:40          1     59,18      0,00      5,10      0,00      0,00     35,71
01:33:40          2     62,75      0,00      1,96      0,00      0,00     35,29
01:33:40          3     83,17      0,00      3,96      0,00      0,00     12,87

01:33:40        CPU     %user     %nice   %system   %iowait    %steal     %idle
01:33:41        all     63,84      0,00      2,99      0,00      0,00     33,17
01:33:41          0     70,59      0,00      2,94      0,00      0,00     26,47
01:33:41          1     58,42      0,00      3,96      0,00      0,00     37,62
01:33:41          2     59,18      0,00      1,02      0,00      0,00     39,80
01:33:41          3     67,00      0,00      4,00      0,00      0,00     29,00

01:33:41        CPU     %user     %nice   %system   %iowait    %steal     %idle
01:33:42        all     58,27      0,00      3,31      0,00      0,00     38,42
01:33:42          0     57,29      0,00      1,04      0,00      0,00     41,67
01:33:42          1     57,58      0,00      6,06      0,00      0,00     36,36
01:33:42          2     57,00      0,00      2,00      0,00      0,00     41,00
01:33:42          3     61,22      0,00      4,08      0,00      0,00     34,69

01:33:42        CPU     %user     %nice   %system   %iowait    %steal     %idle
01:33:43        all     60,55      0,00      2,73      0,00      0,00     36,72
01:33:43          0     64,00      0,00      3,00      0,00      0,00     33,00
01:33:43          1     57,14      0,00      5,10      0,00      0,00     37,76
01:33:43          2     54,90      0,00      1,96      0,00      0,00     43,14
01:33:43          3     66,02      0,00      0,97      0,00      0,00     33,01

01:33:43        CPU     %user     %nice   %system   %iowait    %steal     %idle
01:33:44        all     60,65      0,00      2,76      0,00      0,00     36,59
01:33:44          0     62,63      0,00      2,02      0,00      0,00     35,35
01:33:44          1     59,80      0,00      6,86      0,00      0,00     33,33
01:33:44          2     58,00      0,00      1,00      0,00      0,00     41,00
01:33:44          3     62,24      0,00      1,02      0,00      0,00     36,73

01:33:44        CPU     %user     %nice   %system   %iowait    %steal     %idle
01:33:45        all     59,80      0,00      2,29      0,00      0,00     37,91
01:33:45          0     63,64      0,00      1,01      0,00      0,00     35,35
01:33:45          1     51,52      0,00      5,05      0,00      0,00     43,43
01:33:45          2     64,58      0,00      1,04      0,00      0,00     34,38
01:33:45          3     59,60      0,00      2,02      0,00      0,00     38,38

01:33:45        CPU     %user     %nice   %system   %iowait    %steal     %idle
01:33:46        all     62,13      0,00      2,48      0,00      0,00     35,40
01:33:46          0     58,25      0,00      3,88      0,00      0,00     37,86
01:33:46          1     56,00      0,00      2,00      0,00      0,00     42,00
01:33:46          2     74,51      0,00      2,94      0,00      0,00     22,55
01:33:46          3     59,60      0,00      1,01      0,00      0,00     39,39

01:33:46        CPU     %user     %nice   %system   %iowait    %steal     %idle
01:33:47        all     61,40      0,00      3,76      0,00      0,00     34,84
01:33:47          0     58,42      0,00      2,97      0,00      0,00     38,61
01:33:47          1     62,38      0,00      6,93      0,00      0,00     30,69
01:33:47          2     66,67      0,00      4,04      0,00      0,00     29,29
01:33:47          3     58,16      0,00      1,02      0,00      0,00     40,82

01:33:47        CPU     %user     %nice   %system   %iowait    %steal     %idle
01:33:48        all     61,03      0,00      3,33      0,00      0,00     35,64
01:33:48          0     61,22      0,00      1,02      0,00      0,00     37,76
01:33:48          1     56,84      0,00      6,32      0,00      0,00     36,84
01:33:48          2     65,35      0,00      4,95      0,00      0,00     29,70
01:33:48          3     60,42      0,00      1,04      0,00      0,00     38,54


Średnia:       CPU     %user     %nice   %system   %iowait    %steal     %idle
Średnia:       all     64,58      0,08      3,08      0,00      0,00     32,26
Średnia:         0     65,42      0,04      2,28      0,00      0,00     32,26
Średnia:         1     61,94      0,04      5,49      0,00      0,00     32,53
Średnia:         2     67,90      0,07      2,60      0,00      0,00     29,43
Średnia:         3     63,02      0,18      1,97      0,00      0,00     34,83
