Linux 5.8.6-1-MANJARO (bblaszkow-pc-manjaro) 	22.09.2020 	_x86_64_	(4 CPU)

10:48:12        CPU     %user     %nice   %system   %iowait    %steal     %idle
10:48:17        all     63,05      0,35      4,68      0,05      0,00     31,88
10:48:17          0     69,98      0,20      5,17      0,00      0,00     24,65
10:48:17          1     67,81      0,60      7,24      0,00      0,00     24,35
10:48:17          2     56,68      0,20      2,83      0,00      0,00     40,28
10:48:17          3     57,58      0,40      3,43      0,20      0,00     38,38

10:48:17        CPU     %user     %nice   %system   %iowait    %steal     %idle
10:48:22        all     59,54      0,30      3,55      0,15      0,00     36,46
10:48:22          0     73,51      0,20      4,38      0,00      0,00     21,91
10:48:22          1     51,81      0,40      4,22      0,20      0,00     43,37
10:48:22          2     58,55      0,20      4,02      0,00      0,00     37,22
10:48:22          3     54,26      0,40      1,58      0,40      0,00     43,37

10:48:22        CPU     %user     %nice   %system   %iowait    %steal     %idle
10:48:27        all     61,09      0,05      4,42      0,00      0,00     34,44
10:48:27          0     56,95      0,00      1,96      0,00      0,00     41,10
10:48:27          1     54,11      0,00      4,61      0,00      0,00     41,28
10:48:27          2     74,75      0,20     10,26      0,00      0,00     14,79
10:48:27          3     58,43      0,00      0,80      0,00      0,00     40,76

10:48:27        CPU     %user     %nice   %system   %iowait    %steal     %idle
10:48:32        all     61,43      0,00      4,02      0,00      0,00     34,56
10:48:32          0     58,17      0,00      1,39      0,00      0,00     40,44
10:48:32          1     54,76      0,00      4,56      0,00      0,00     40,67
10:48:32          2     71,77      0,00      6,56      0,00      0,00     21,67
10:48:32          3     61,02      0,00      3,54      0,00      0,00     35,43

10:48:32        CPU     %user     %nice   %system   %iowait    %steal     %idle
10:48:37        all     61,83      0,00      4,44      0,00      0,00     33,73
10:48:37          0     58,93      0,00      0,60      0,00      0,00     40,48
10:48:37          1     52,75      0,00      5,30      0,00      0,00     41,96
10:48:37          2     76,47      0,00     10,78      0,00      0,00     12,75
10:48:37          3     58,72      0,00      1,00      0,00      0,00     40,28

10:48:37        CPU     %user     %nice   %system   %iowait    %steal     %idle
10:48:42        all     50,77      0,31      3,86      0,00      0,00     45,06
10:48:42          0     49,69      0,00      2,70      0,00      0,00     47,61
10:48:42          1     44,84      0,21      4,42      0,00      0,00     50,53
10:48:42          2     60,04      0,60      6,76      0,00      0,00     32,60
10:48:42          3     48,03      0,41      1,45      0,00      0,00     50,10


Średnia:       CPU     %user     %nice   %system   %iowait    %steal     %idle
Średnia:       all     59,66      0,17      4,16      0,03      0,00     35,98
Średnia:         0     61,27      0,07      2,70      0,00      0,00     35,96
Średnia:         1     54,42      0,20      5,06      0,03      0,00     40,28
Średnia:         2     66,46      0,20      6,90      0,00      0,00     26,44
Średnia:         3     56,39      0,20      1,97      0,10      0,00     41,33
