Linux 5.8.6-1-MANJARO (bblaszkow-pc-manjaro) 	22.09.2020 	_x86_64_	(4 CPU)

10:49:42        CPU     %user     %nice   %system   %iowait    %steal     %idle
10:49:47        all     44,60      0,59      3,28      0,10      0,00     51,44
10:49:47          0     41,91      0,58      2,53      0,19      0,00     54,78
10:49:47          1     37,52      0,79      5,50      0,00      0,00     56,19
10:49:47          2     43,33      0,78      2,35      0,00      0,00     53,53
10:49:47          3     55,56      0,19      2,73      0,19      0,00     41,33

10:49:47        CPU     %user     %nice   %system   %iowait    %steal     %idle
10:49:52        all     43,25      0,20      1,77      0,05      0,00     54,73
10:49:52          0     40,91      0,00      1,19      0,00      0,00     57,91
10:49:52          1     40,99      0,40      3,56      0,20      0,00     54,85
10:49:52          2     44,38      0,00      1,38      0,00      0,00     54,24
10:49:52          3     46,68      0,39      0,98      0,00      0,00     51,95

10:49:52        CPU     %user     %nice   %system   %iowait    %steal     %idle
10:49:57        all     42,46      0,34      2,33      0,00      0,00     54,88
10:49:57          0     41,12      0,19      1,54      0,00      0,00     57,14
10:49:57          1     42,27      0,39      4,31      0,00      0,00     53,03
10:49:57          2     41,84      0,58      2,11      0,00      0,00     55,47
10:49:57          3     44,62      0,20      1,37      0,00      0,00     53,82

10:49:57        CPU     %user     %nice   %system   %iowait    %steal     %idle
10:50:02        all     43,35      0,00      2,09      0,00      0,00     54,55
10:50:02          0     42,97      0,00      1,17      0,00      0,00     55,86
10:50:02          1     42,94      0,00      5,03      0,00      0,00     52,03
10:50:02          2     41,29      0,00      1,17      0,00      0,00     57,53
10:50:02          3     46,20      0,00      0,97      0,00      0,00     52,83

10:50:02        CPU     %user     %nice   %system   %iowait    %steal     %idle
10:50:07        all     42,63      0,05      2,10      0,05      0,00     55,18
10:50:07          0     41,42      0,20      0,99      0,00      0,00     57,40
10:50:07          1     42,30      0,00      4,29      0,00      0,00     53,41
10:50:07          2     43,00      0,00      1,75      0,19      0,00     55,06
10:50:07          3     43,77      0,00      1,36      0,00      0,00     54,86


Średnia:       CPU     %user     %nice   %system   %iowait    %steal     %idle
Średnia:       all     43,25      0,23      2,32      0,04      0,00     54,16
Średnia:         0     41,67      0,20      1,49      0,04      0,00     56,61
Średnia:         1     41,21      0,31      4,54      0,04      0,00     53,89
Średnia:         2     42,76      0,27      1,76      0,04      0,00     55,17
Średnia:         3     47,37      0,16      1,48      0,04      0,00     50,96
