Linux 5.8.6-1-MANJARO (bblaszkow-pc-manjaro) 	22.09.2020 	_x86_64_	(4 CPU)

10:51:38        CPU     %user     %nice   %system   %iowait    %steal     %idle
10:51:43        all     69,63      0,66      3,83      0,05      0,00     25,82
10:51:43          0     67,28      0,82      2,45      0,00      0,00     29,45
10:51:43          1     81,72      0,21      6,98      0,00      0,00     11,09
10:51:43          2     63,82      1,22      3,05      0,20      0,00     31,71
10:51:43          3     65,78      0,41      2,87      0,00      0,00     30,94

10:51:43        CPU     %user     %nice   %system   %iowait    %steal     %idle
10:51:48        all     78,18      0,31      2,64      0,10      0,00     18,77
10:51:48          0     76,67      0,42      2,29      0,00      0,00     20,62
10:51:48          1     76,56      0,00      4,77      0,00      0,00     18,67
10:51:48          2     78,67      0,62      1,86      0,21      0,00     18,63
10:51:48          3     80,79      0,21      1,65      0,21      0,00     17,15

10:51:48        CPU     %user     %nice   %system   %iowait    %steal     %idle
10:51:53        all     76,53      0,36      2,59      0,00      0,00     20,53
10:51:53          0     77,39      0,21      1,66      0,00      0,00     20,75
10:51:53          1     72,73      0,21      5,79      0,00      0,00     21,28
10:51:53          2     78,26      0,41      1,24      0,00      0,00     20,08
10:51:53          3     77,73      0,62      1,65      0,00      0,00     20,00

10:51:53        CPU     %user     %nice   %system   %iowait    %steal     %idle
10:51:58        all     78,53      0,00      2,13      0,00      0,00     19,35
10:51:58          0     79,13      0,00      1,45      0,00      0,00     19,42
10:51:58          1     75,88      0,00      4,37      0,00      0,00     19,75
10:51:58          2     79,21      0,00      1,46      0,00      0,00     19,33
10:51:58          3     79,88      0,00      1,24      0,00      0,00     18,88

10:51:58        CPU     %user     %nice   %system   %iowait    %steal     %idle
10:52:03        all     77,41      0,00      2,49      0,00      0,00     20,10
10:52:03          0     76,70      0,00      1,44      0,00      0,00     21,86
10:52:03          1     76,35      0,00      5,60      0,00      0,00     18,05
10:52:03          2     78,12      0,00      1,46      0,00      0,00     20,42
10:52:03          3     78,47      0,00      1,45      0,00      0,00     20,08


Średnia:       CPU     %user     %nice   %system   %iowait    %steal     %idle
Średnia:       all     76,04      0,27      2,74      0,03      0,00     20,93
Średnia:         0     75,41      0,29      1,86      0,00      0,00     22,44
Średnia:         1     76,66      0,08      5,50      0,00      0,00     17,76
Średnia:         2     75,57      0,45      1,82      0,08      0,00     22,08
Średnia:         3     76,51      0,25      1,78      0,04      0,00     21,43
