Linux 5.8.6-1-MANJARO (bblaszkow-pc-manjaro) 	28.09.2020 	_x86_64_	(4 CPU)

01:34:46        CPU     %user     %nice   %system   %iowait    %steal     %idle
01:34:47        all     49,50      1,26      6,28      0,50      0,00     42,46
01:34:47          0     39,00      1,00      9,00      0,00      0,00     51,00
01:34:47          1     79,00      1,00      9,00      0,00      0,00     11,00
01:34:47          2     42,27      1,03      3,09      0,00      0,00     53,61
01:34:47          3     37,62      1,98      3,96      1,98      0,00     54,46

01:34:47        CPU     %user     %nice   %system   %iowait    %steal     %idle
01:34:48        all     48,76      0,00      4,21      0,25      0,00     46,78
01:34:48          0     42,00      0,00      1,00      0,00      0,00     57,00
01:34:48          1     59,80      0,00     10,78      0,00      0,00     29,41
01:34:48          2     50,00      0,00      2,94      0,00      0,00     47,06
01:34:48          3     43,00      0,00      2,00      1,00      0,00     54,00

01:34:48        CPU     %user     %nice   %system   %iowait    %steal     %idle
01:34:49        all     43,22      0,25      3,02      0,00      0,00     53,52
01:34:49          0     37,25      0,00      2,94      0,00      0,00     59,80
01:34:49          1     36,36      1,01      4,04      0,00      0,00     58,59
01:34:49          2     38,38      0,00      1,01      0,00      0,00     60,61
01:34:49          3     61,22      0,00      4,08      0,00      0,00     34,69

01:34:49        CPU     %user     %nice   %system   %iowait    %steal     %idle
01:34:50        all     45,06      1,27      3,54      0,00      0,00     50,13
01:34:50          0     41,41      2,02      3,03      0,00      0,00     53,54
01:34:50          1     29,70      0,99      7,92      0,00      0,00     61,39
01:34:50          2     41,24      2,06      0,00      0,00      0,00     56,70
01:34:50          3     68,37      0,00      3,06      0,00      0,00     28,57

01:34:50        CPU     %user     %nice   %system   %iowait    %steal     %idle
01:34:51        all     39,50      0,75      3,25      0,00      0,00     56,50
01:34:51          0     68,37      0,00      3,06      0,00      0,00     28,57
01:34:51          1     27,45      0,98      6,86      0,00      0,00     64,71
01:34:51          2     30,69      0,00      1,98      0,00      0,00     67,33
01:34:51          3     32,32      2,02      1,01      0,00      0,00     64,65

01:34:51        CPU     %user     %nice   %system   %iowait    %steal     %idle
01:34:52        all     40,80      0,00      3,48      0,00      0,00     55,72
01:34:52          0     48,00      0,00      2,00      0,00      0,00     50,00
01:34:52          1     27,45      0,00      5,88      0,00      0,00     66,67
01:34:52          2     39,00      0,00      2,00      0,00      0,00     59,00
01:34:52          3     49,00      0,00      4,00      0,00      0,00     47,00

01:34:52        CPU     %user     %nice   %system   %iowait    %steal     %idle
01:34:53        all     43,54      0,00      2,53      0,00      0,00     53,92
01:34:53          0     40,82      0,00      1,02      0,00      0,00     58,16
01:34:53          1     33,00      0,00      6,00      0,00      0,00     61,00
01:34:53          2     37,00      0,00      2,00      0,00      0,00     61,00
01:34:53          3     63,92      0,00      1,03      0,00      0,00     35,05

01:34:53        CPU     %user     %nice   %system   %iowait    %steal     %idle
01:34:54        all     43,11      0,00      2,04      0,00      0,00     54,85
01:34:54          0     44,33      0,00      3,09      0,00      0,00     52,58
01:34:54          1     30,00      0,00      4,00      0,00      0,00     66,00
01:34:54          2     47,47      0,00      0,00      0,00      0,00     52,53
01:34:54          3     51,04      0,00      1,04      0,00      0,00     47,92

01:34:54        CPU     %user     %nice   %system   %iowait    %steal     %idle
01:34:55        all     39,55      0,25      3,02      0,00      0,00     57,18
01:34:55          0     38,00      1,00      1,00      0,00      0,00     60,00
01:34:55          1     58,59      0,00      6,06      0,00      0,00     35,35
01:34:55          2     29,90      0,00      2,06      0,00      0,00     68,04
01:34:55          3     31,68      0,00      2,97      0,00      0,00     65,35

01:34:55        CPU     %user     %nice   %system   %iowait    %steal     %idle
01:34:56        all     38,13      0,00      2,53      0,00      0,00     59,34
01:34:56          0     27,72      0,00      1,98      0,00      0,00     70,30
01:34:56          1     59,18      0,00      7,14      0,00      0,00     33,67
01:34:56          2     36,73      0,00      0,00      0,00      0,00     63,27
01:34:56          3     29,29      0,00      1,01      0,00      0,00     69,70

01:34:56        CPU     %user     %nice   %system   %iowait    %steal     %idle
01:34:57        all     40,10      0,00      2,28      0,00      0,00     57,61
01:34:57          0     30,61      0,00      1,02      0,00      0,00     68,37
01:34:57          1     31,00      0,00      3,00      0,00      0,00     66,00
01:34:57          2     45,36      0,00      3,09      0,00      0,00     51,55
01:34:57          3     53,54      0,00      2,02      0,00      0,00     44,44

01:34:57        CPU     %user     %nice   %system   %iowait    %steal     %idle
01:34:58        all     41,13      0,00      3,45      0,25      0,00     55,17
01:34:58          0     34,00      0,00      1,00      0,00      0,00     65,00
01:34:58          1     33,98      0,00      7,77      0,97      0,00     57,28
01:34:58          2     64,36      0,00      2,97      0,00      0,00     32,67
01:34:58          3     32,35      0,00      1,96      0,00      0,00     65,69

01:34:58        CPU     %user     %nice   %system   %iowait    %steal     %idle
01:34:59        all     41,81      0,00      2,02      0,00      0,00     56,17
01:34:59          0     32,67      0,00      0,99      0,00      0,00     66,34
01:34:59          1     71,43      0,00      4,08      0,00      0,00     24,49
01:34:59          2     29,29      0,00      1,01      0,00      0,00     69,70
01:34:59          3     34,34      0,00      2,02      0,00      0,00     63,64

01:34:59        CPU     %user     %nice   %system   %iowait    %steal     %idle
01:35:00        all     32,76      0,00      3,45      0,00      0,00     63,79
01:35:00          0     24,27      0,00      2,91      0,00      0,00     72,82
01:35:00          1     50,51      0,00      7,07      0,00      0,00     42,42
01:35:00          2     29,70      0,00      1,98      0,00      0,00     68,32
01:35:00          3     27,18      0,00      1,94      0,00      0,00     70,87

01:35:00        CPU     %user     %nice   %system   %iowait    %steal     %idle
01:35:01        all     40,46      0,00      2,54      0,00      0,00     57,00
01:35:01          0     29,29      0,00      2,02      0,00      0,00     68,69
01:35:01          1     43,30      0,00      5,15      0,00      0,00     51,55
01:35:01          2     35,05      0,00      1,03      0,00      0,00     63,92
01:35:01          3     54,00      0,00      2,00      0,00      0,00     44,00

01:35:01        CPU     %user     %nice   %system   %iowait    %steal     %idle
01:35:02        all     44,28      0,00      2,49      0,00      0,00     53,23
01:35:02          0     33,66      0,00      0,99      0,00      0,00     65,35
01:35:02          1     46,00      0,00      4,00      0,00      0,00     50,00
01:35:02          2     55,56      0,00      3,03      0,00      0,00     41,41
01:35:02          3     42,16      0,00      1,96      0,00      0,00     55,88

01:35:02        CPU     %user     %nice   %system   %iowait    %steal     %idle
01:35:03        all     39,80      0,00      3,23      0,00      0,00     56,97
01:35:03          0     27,72      0,00      2,97      0,00      0,00     69,31
01:35:03          1     39,22      0,00      7,84      0,00      0,00     52,94
01:35:03          2     56,12      0,00      1,02      0,00      0,00     42,86
01:35:03          3     36,63      0,00      0,99      0,00      0,00     62,38

01:35:03        CPU     %user     %nice   %system   %iowait    %steal     %idle
01:35:04        all     39,90      0,00      2,27      0,00      0,00     57,83
01:35:04          0     28,00      0,00      2,00      0,00      0,00     70,00
01:35:04          1     36,46      0,00      1,04      0,00      0,00     62,50
01:35:04          2     64,29      0,00      3,06      0,00      0,00     32,65
01:35:04          3     31,37      0,00      2,94      0,00      0,00     65,69

01:35:04        CPU     %user     %nice   %system   %iowait    %steal     %idle
01:35:05        all     39,70      0,00      3,52      0,00      0,00     56,78
01:35:05          0     59,00      0,00      3,00      0,00      0,00     38,00
01:35:05          1     39,00      0,00      7,00      0,00      0,00     54,00
01:35:05          2     30,00      0,00      3,00      0,00      0,00     67,00
01:35:05          3     30,61      0,00      1,02      0,00      0,00     68,37

01:35:05        CPU     %user     %nice   %system   %iowait    %steal     %idle
01:35:06        all     42,14      0,00      2,49      0,00      0,00     55,36
01:35:06          0     80,61      0,00      3,06      0,00      0,00     16,33
01:35:06          1     33,33      0,00      3,03      0,00      0,00     63,64
01:35:06          2     29,13      0,00      0,97      0,00      0,00     69,90
01:35:06          3     26,73      0,00      2,97      0,00      0,00     70,30

01:35:06        CPU     %user     %nice   %system   %iowait    %steal     %idle
01:35:07        all     39,35      0,00      2,26      0,00      0,00     58,40
01:35:07          0     61,00      0,00      3,00      0,00      0,00     36,00
01:35:07          1     34,00      0,00      3,00      0,00      0,00     63,00
01:35:07          2     32,00      0,00      2,00      0,00      0,00     66,00
01:35:07          3     30,30      0,00      1,01      0,00      0,00     68,69

01:35:07        CPU     %user     %nice   %system   %iowait    %steal     %idle
01:35:08        all     36,18      0,00      2,51      0,25      0,00     61,06
01:35:08          0     50,51      0,00      2,02      0,00      0,00     47,47
01:35:08          1     27,27      0,00      4,04      0,00      0,00     68,69
01:35:08          2     39,80      0,00      2,04      0,00      0,00     58,16
01:35:08          3     27,45      0,00      1,96      0,98      0,00     69,61

01:35:08        CPU     %user     %nice   %system   %iowait    %steal     %idle
01:35:09        all     37,76      0,00      2,30      0,00      0,00     59,95
01:35:09          0     26,53      0,00      1,02      0,00      0,00     72,45
01:35:09          1     51,55      0,00      5,15      0,00      0,00     43,30
01:35:09          2     45,36      0,00      2,06      0,00      0,00     52,58
01:35:09          3     28,00      0,00      1,00      0,00      0,00     71,00

01:35:09        CPU     %user     %nice   %system   %iowait    %steal     %idle
01:35:10        all     41,16      0,00      2,27      0,00      0,00     56,57
01:35:10          0     39,00      0,00      3,00      0,00      0,00     58,00
01:35:10          1     41,24      0,00      2,06      0,00      0,00     56,70
01:35:10          2     33,00      0,00      2,00      0,00      0,00     65,00
01:35:10          3     51,52      0,00      2,02      0,00      0,00     46,46

01:35:10        CPU     %user     %nice   %system   %iowait    %steal     %idle
01:35:11        all     40,25      0,00      2,28      0,00      0,00     57,47
01:35:11          0     35,71      0,00      1,02      0,00      0,00     63,27
01:35:11          1     36,36      0,00      4,04      0,00      0,00     59,60
01:35:11          2     42,00      0,00      2,00      0,00      0,00     56,00
01:35:11          3     46,94      0,00      2,04      0,00      0,00     51,02

01:35:11        CPU     %user     %nice   %system   %iowait    %steal     %idle
01:35:12        all     40,66      0,00      2,27      0,00      0,00     57,07
01:35:12          0     37,00      0,00      2,00      0,00      0,00     61,00
01:35:12          1     50,51      0,00      5,05      0,00      0,00     44,44
01:35:12          2     40,40      0,00      2,02      0,00      0,00     57,58
01:35:12          3     34,69      0,00      0,00      0,00      0,00     65,31

01:35:12        CPU     %user     %nice   %system   %iowait    %steal     %idle
01:35:13        all     39,85      0,00      2,83      0,00      0,00     57,33
01:35:13          0     38,54      0,00      1,04      0,00      0,00     60,42
01:35:13          1     58,76      0,00      6,19      0,00      0,00     35,05
01:35:13          2     34,69      0,00      2,04      0,00      0,00     63,27
01:35:13          3     27,55      0,00      2,04      0,00      0,00     70,41

01:35:13        CPU     %user     %nice   %system   %iowait    %steal     %idle
01:35:14        all     41,43      0,00      1,53      0,00      0,00     57,03
01:35:14          0     60,82      0,00      2,06      0,00      0,00     37,11
01:35:14          1     48,45      0,00      2,06      0,00      0,00     49,48
01:35:14          2     28,57      0,00      1,02      0,00      0,00     70,41
01:35:14          3     28,28      0,00      1,01      0,00      0,00     70,71

01:35:14        CPU     %user     %nice   %system   %iowait    %steal     %idle
01:35:15        all     33,17      0,00      3,02      0,00      0,00     63,82
01:35:15          0     29,70      0,00      2,97      0,00      0,00     67,33
01:35:15          1     44,44      0,00      6,06      0,00      0,00     49,49
01:35:15          2     29,00      0,00      2,00      0,00      0,00     69,00
01:35:15          3     29,59      0,00      1,02      0,00      0,00     69,39

01:35:15        CPU     %user     %nice   %system   %iowait    %steal     %idle
01:35:16        all     25,19      0,00      2,24      0,00      0,00     72,57
01:35:16          0     22,77      0,00      0,99      0,00      0,00     76,24
01:35:16          1     19,00      0,00      4,00      0,00      0,00     77,00
01:35:16          2     22,77      0,00      0,99      0,00      0,00     76,24
01:35:16          3     36,36      0,00      3,03      0,00      0,00     60,61

Średnia:       CPU     %user     %nice   %system   %iowait    %steal     %idle
Średnia:       all     40,27      0,13      2,84      0,04      0,00     56,72
Średnia:         0     40,19      0,13      2,24      0,00      0,00     57,43
Średnia:         1     42,47      0,13      5,33      0,03      0,00     52,03
Średnia:         2     39,27      0,10      1,82      0,00      0,00     58,81
Średnia:         3     39,15      0,13      1,98      0,13      0,00     58,61
