Linux 5.8.6-1-MANJARO (bblaszkow-pc-manjaro) 	28.09.2020 	_x86_64_	(4 CPU)

01:36:50        CPU     %user     %nice   %system   %iowait    %steal     %idle
01:36:51        all     44,85      1,72      7,35      0,49      0,00     45,59
01:36:51          0     97,03      0,00      1,98      0,00      0,00      0,99
01:36:51          1     23,76      0,99     13,86      1,98      0,00     59,41
01:36:51          2     26,67      2,86      9,52      0,00      0,00     60,95
01:36:51          3     32,67      2,97      3,96      0,00      0,00     60,40

01:36:51        CPU     %user     %nice   %system   %iowait    %steal     %idle
01:36:52        all     94,74      0,00      3,01      0,00      0,00      2,26
01:36:52          0     96,97      0,00      3,03      0,00      0,00      0,00
01:36:52          1     85,00      0,00      7,00      0,00      0,00      8,00
01:36:52          2     99,00      0,00      1,00      0,00      0,00      0,00
01:36:52          3     98,00      0,00      1,00      0,00      0,00      1,00

01:36:52        CPU     %user     %nice   %system   %iowait    %steal     %idle
01:36:53        all     95,24      0,00      3,01      0,00      0,00      1,75
01:36:53          0     93,00      0,00      2,00      0,00      0,00      5,00
01:36:53          1     92,00      0,00      6,00      0,00      0,00      2,00
01:36:53          2     99,00      0,00      1,00      0,00      0,00      0,00
01:36:53          3     96,97      0,00      3,03      0,00      0,00      0,00

01:36:53        CPU     %user     %nice   %system   %iowait    %steal     %idle
01:36:54        all     95,97      0,25      1,51      0,00      0,00      2,27
01:36:54          0     98,00      1,00      1,00      0,00      0,00      0,00
01:36:54          1     92,86      0,00      2,04      0,00      0,00      5,10
01:36:54          2     97,00      0,00      3,00      0,00      0,00      0,00
01:36:54          3     95,96      0,00      0,00      0,00      0,00      4,04

01:36:54        CPU     %user     %nice   %system   %iowait    %steal     %idle
01:36:55        all     93,98      0,00      3,76      0,00      0,00      2,26
01:36:55          0     97,00      0,00      3,00      0,00      0,00      0,00
01:36:55          1     88,12      0,00      6,93      0,00      0,00      4,95
01:36:55          2     94,95      0,00      4,04      0,00      0,00      1,01
01:36:55          3     95,96      0,00      1,01      0,00      0,00      3,03

01:36:55        CPU     %user     %nice   %system   %iowait    %steal     %idle
01:36:56        all     97,23      0,00      1,51      0,00      0,00      1,26
01:36:56          0     97,98      0,00      2,02      0,00      0,00      0,00
01:36:56          1     93,00      0,00      2,00      0,00      0,00      5,00
01:36:56          2     97,98      0,00      2,02      0,00      0,00      0,00
01:36:56          3    100,00      0,00      0,00      0,00      0,00      0,00

01:36:56        CPU     %user     %nice   %system   %iowait    %steal     %idle
01:36:57        all     93,27      0,00      5,24      0,00      0,00      1,50
01:36:57          0     97,06      0,00      2,94      0,00      0,00      0,00
01:36:57          1     86,87      0,00      9,09      0,00      0,00      4,04
01:36:57          2     90,00      0,00      8,00      0,00      0,00      2,00
01:36:57          3     99,00      0,00      1,00      0,00      0,00      0,00

01:36:57        CPU     %user     %nice   %system   %iowait    %steal     %idle
01:36:58        all     95,23      0,00      3,52      0,00      0,00      1,26
01:36:58          0     96,94      0,00      2,04      0,00      0,00      1,02
01:36:58          1     90,00      0,00      8,00      0,00      0,00      2,00
01:36:58          2     95,00      0,00      4,00      0,00      0,00      1,00
01:36:58          3     99,00      0,00      0,00      0,00      0,00      1,00

01:36:58        CPU     %user     %nice   %system   %iowait    %steal     %idle
01:36:59        all     95,27      0,00      3,98      0,00      0,00      0,75
01:36:59          0     99,01      0,00      0,99      0,00      0,00      0,00
01:36:59          1     90,10      0,00      8,91      0,00      0,00      0,99
01:36:59          2     94,95      0,00      3,03      0,00      0,00      2,02
01:36:59          3     97,03      0,00      2,97      0,00      0,00      0,00

01:36:59        CPU     %user     %nice   %system   %iowait    %steal     %idle
01:37:00        all     96,50      0,00      2,00      0,00      0,00      1,50
01:37:00          0    100,00      0,00      0,00      0,00      0,00      0,00
01:37:00          1     98,00      0,00      2,00      0,00      0,00      0,00
01:37:00          2     97,00      0,00      1,00      0,00      0,00      2,00
01:37:00          3     91,00      0,00      5,00      0,00      0,00      4,00

01:37:00        CPU     %user     %nice   %system   %iowait    %steal     %idle
01:37:01        all     93,43      0,00      3,03      0,00      0,00      3,54
01:37:01          0     99,00      0,00      1,00      0,00      0,00      0,00
01:37:01          1     92,93      0,00      7,07      0,00      0,00      0,00
01:37:01          2     91,92      0,00      1,01      0,00      0,00      7,07
01:37:01          3     89,80      0,00      3,06      0,00      0,00      7,14

01:37:01        CPU     %user     %nice   %system   %iowait    %steal     %idle
01:37:02        all     94,76      0,00      3,74      0,00      0,00      1,50
01:37:02          0     98,00      0,00      2,00      0,00      0,00      0,00
01:37:02          1     89,11      0,00      6,93      0,00      0,00      3,96
01:37:02          2     95,05      0,00      4,95      0,00      0,00      0,00
01:37:02          3     96,97      0,00      1,01      0,00      0,00      2,02

01:37:02        CPU     %user     %nice   %system   %iowait    %steal     %idle
01:37:03        all     95,19      0,00      2,03      0,00      0,00      2,78
01:37:03          0    100,00      0,00      0,00      0,00      0,00      0,00
01:37:03          1     84,85      0,00      6,06      0,00      0,00      9,09
01:37:03          2     96,94      0,00      1,02      0,00      0,00      2,04
01:37:03          3     98,99      0,00      1,01      0,00      0,00      0,00

01:37:03        CPU     %user     %nice   %system   %iowait    %steal     %idle
01:37:04        all     95,72      0,00      2,52      0,00      0,00      1,76
01:37:04          0     98,00      0,00      2,00      0,00      0,00      0,00
01:37:04          1     94,90      0,00      2,04      0,00      0,00      3,06
01:37:04          2     92,93      0,00      4,04      0,00      0,00      3,03
01:37:04          3     97,00      0,00      2,00      0,00      0,00      1,00

01:37:04        CPU     %user     %nice   %system   %iowait    %steal     %idle
01:37:05        all     89,42      0,25      5,04      0,00      0,00      5,29
01:37:05          0     85,86      0,00      8,08      0,00      0,00      6,06
01:37:05          1     87,00      1,00      8,00      0,00      0,00      4,00
01:37:05          2     92,86      0,00      1,02      0,00      0,00      6,12
01:37:05          3     92,00      0,00      3,00      0,00      0,00      5,00

01:37:05        CPU     %user     %nice   %system   %iowait    %steal     %idle
01:37:06        all     97,01      0,00      2,49      0,00      0,00      0,50
01:37:06          0     96,00      0,00      2,00      0,00      0,00      2,00
01:37:06          1     95,00      0,00      5,00      0,00      0,00      0,00
01:37:06          2     99,01      0,00      0,99      0,00      0,00      0,00
01:37:06          3     98,00      0,00      2,00      0,00      0,00      0,00

01:37:06        CPU     %user     %nice   %system   %iowait    %steal     %idle
01:37:07        all     96,99      0,00      3,01      0,00      0,00      0,00
01:37:07          0     99,00      0,00      1,00      0,00      0,00      0,00
01:37:07          1     94,00      0,00      6,00      0,00      0,00      0,00
01:37:07          2     98,00      0,00      2,00      0,00      0,00      0,00
01:37:07          3     96,97      0,00      3,03      0,00      0,00      0,00

01:37:07        CPU     %user     %nice   %system   %iowait    %steal     %idle
01:37:08        all     97,25      0,00      2,25      0,00      0,00      0,50
01:37:08          0    100,00      0,00      0,00      0,00      0,00      0,00
01:37:08          1     96,97      0,00      2,02      0,00      0,00      1,01
01:37:08          2     94,00      0,00      5,00      0,00      0,00      1,00
01:37:08          3     98,02      0,00      1,98      0,00      0,00      0,00

01:37:08        CPU     %user     %nice   %system   %iowait    %steal     %idle
01:37:09        all     96,53      0,00      3,47      0,00      0,00      0,00
01:37:09          0     97,06      0,00      2,94      0,00      0,00      0,00
01:37:09          1     94,06      0,00      5,94      0,00      0,00      0,00
01:37:09          2     99,00      0,00      1,00      0,00      0,00      0,00
01:37:09          3     96,00      0,00      4,00      0,00      0,00      0,00

01:37:09        CPU     %user     %nice   %system   %iowait    %steal     %idle
01:37:10        all     94,03      0,00      3,48      0,00      0,00      2,49
01:37:10          0     94,06      0,00      2,97      0,00      0,00      2,97
01:37:10          1     92,00      0,00      8,00      0,00      0,00      0,00
01:37:10          2     94,00      0,00      1,00      0,00      0,00      5,00
01:37:10          3     96,04      0,00      1,98      0,00      0,00      1,98

01:37:10        CPU     %user     %nice   %system   %iowait    %steal     %idle
01:37:11        all     95,24      0,00      3,26      0,00      0,00      1,50
01:37:11          0     99,00      0,00      1,00      0,00      0,00      0,00
01:37:11          1     93,00      0,00      7,00      0,00      0,00      0,00
01:37:11          2     94,00      0,00      2,00      0,00      0,00      4,00
01:37:11          3     94,95      0,00      3,03      0,00      0,00      2,02

01:37:11        CPU     %user     %nice   %system   %iowait    %steal     %idle
01:37:12        all     96,49      0,00      2,76      0,00      0,00      0,75
01:37:12          0     98,00      0,00      2,00      0,00      0,00      0,00
01:37:12          1     95,00      0,00      5,00      0,00      0,00      0,00
01:37:12          2     98,00      0,00      1,00      0,00      0,00      1,00
01:37:12          3     94,95      0,00      3,03      0,00      0,00      2,02

01:37:12        CPU     %user     %nice   %system   %iowait    %steal     %idle
01:37:13        all     95,73      0,00      4,02      0,00      0,00      0,25
01:37:13          0     91,92      0,00      8,08      0,00      0,00      0,00
01:37:13          1     95,05      0,00      4,95      0,00      0,00      0,00
01:37:13          2     97,98      0,00      1,01      0,00      0,00      1,01
01:37:13          3     97,98      0,00      2,02      0,00      0,00      0,00

01:37:13        CPU     %user     %nice   %system   %iowait    %steal     %idle
01:37:14        all     93,22      0,00      5,03      0,00      0,00      1,76
01:37:14          0     99,00      0,00      1,00      0,00      0,00      0,00
01:37:14          1     85,71      0,00     11,22      0,00      0,00      3,06
01:37:14          2     92,00      0,00      7,00      0,00      0,00      1,00
01:37:14          3     96,00      0,00      1,00      0,00      0,00      3,00

01:37:14        CPU     %user     %nice   %system   %iowait    %steal     %idle
01:37:15        all     97,99      0,00      2,01      0,00      0,00      0,00
01:37:15          0     99,00      0,00      1,00      0,00      0,00      0,00
01:37:15          1     97,00      0,00      3,00      0,00      0,00      0,00
01:37:15          2     98,99      0,00      1,01      0,00      0,00      0,00
01:37:15          3     96,97      0,00      3,03      0,00      0,00      0,00

01:37:15        CPU     %user     %nice   %system   %iowait    %steal     %idle
01:37:16        all     96,75      0,00      2,50      0,00      0,00      0,75
01:37:16          0     97,00      0,00      1,00      0,00      0,00      2,00
01:37:16          1     94,00      0,00      5,00      0,00      0,00      1,00
01:37:16          2     98,00      0,00      2,00      0,00      0,00      0,00
01:37:16          3     98,00      0,00      2,00      0,00      0,00      0,00

01:37:16        CPU     %user     %nice   %system   %iowait    %steal     %idle
01:37:17        all     96,75      0,00      3,25      0,00      0,00      0,00
01:37:17          0     98,99      0,00      1,01      0,00      0,00      0,00
01:37:17          1     96,04      0,00      3,96      0,00      0,00      0,00
01:37:17          2     93,07      0,00      6,93      0,00      0,00      0,00
01:37:17          3     98,99      0,00      1,01      0,00      0,00      0,00

01:37:17        CPU     %user     %nice   %system   %iowait    %steal     %idle
01:37:18        all     94,29      0,50      3,23      0,00      0,00      1,99
01:37:18          0     98,02      0,00      1,98      0,00      0,00      0,00
01:37:18          1     89,00      0,00      5,00      0,00      0,00      6,00
01:37:18          2     96,00      0,00      4,00      0,00      0,00      0,00
01:37:18          3     94,12      1,96      1,96      0,00      0,00      1,96

01:37:18        CPU     %user     %nice   %system   %iowait    %steal     %idle
01:37:19        all     92,06      1,99      3,97      0,00      0,00      1,99
01:37:19          0     99,00      0,00      1,00      0,00      0,00      0,00
01:37:19          1     86,00      2,00      7,00      0,00      0,00      5,00
01:37:19          2     91,09      0,99      4,95      0,00      0,00      2,97
01:37:19          3     92,16      4,90      2,94      0,00      0,00      0,00

01:37:19        CPU     %user     %nice   %system   %iowait    %steal     %idle
01:37:20        all     91,98      1,25      4,26      0,00      0,00      2,51
01:37:20          0     97,00      0,00      2,00      0,00      0,00      1,00
01:37:20          1     89,11      0,99      9,90      0,00      0,00      0,00
01:37:20          2     94,00      0,00      3,00      0,00      0,00      3,00
01:37:20          3     87,76      4,08      2,04      0,00      0,00      6,12

Średnia:       CPU     %user     %nice   %system   %iowait    %steal     %idle
Średnia:       all     93,40      0,20      3,35      0,02      0,00      3,04
Średnia:         0     97,23      0,03      2,03      0,00      0,00      0,70
Średnia:         1     89,33      0,17      6,17      0,07      0,00      4,27
Średnia:         2     93,16      0,13      3,07      0,00      0,00      3,64
Średnia:         3     93,88      0,47      2,11      0,00      0,00      3,54
