Linux 5.8.6-1-MANJARO (bblaszkow-pc-manjaro) 	28.09.2020 	_x86_64_	(4 CPU)

01:34:17        CPU     %user     %nice   %system   %iowait    %steal     %idle
01:34:18        all     76,00      1,25      6,50      0,25      0,00     16,00
01:34:18          0     75,49      1,96      4,90      0,00      0,00     17,65
01:34:18          1     67,68      2,02      6,06      1,01      0,00     23,23
01:34:18          2     86,87      0,00     10,10      0,00      0,00      3,03
01:34:18          3     74,00      1,00      5,00      0,00      0,00     20,00

01:34:18        CPU     %user     %nice   %system   %iowait    %steal     %idle
01:34:19        all     75,38      0,00      4,27      0,25      0,00     20,10
01:34:19          0     74,49      0,00      0,00      0,00      0,00     25,51
01:34:19          1     62,75      0,00      8,82      0,00      0,00     28,43
01:34:19          2     93,00      0,00      6,00      0,00      0,00      1,00
01:34:19          3     71,43      0,00      2,04      1,02      0,00     25,51

01:34:19        CPU     %user     %nice   %system   %iowait    %steal     %idle
01:34:20        all     76,77      0,00      3,03      0,00      0,00     20,20
01:34:20          0     68,69      0,00      2,02      0,00      0,00     29,29
01:34:20          1     70,83      0,00      3,12      0,00      0,00     26,04
01:34:20          2     96,04      0,00      3,96      0,00      0,00      0,00
01:34:20          3     71,00      0,00      3,00      0,00      0,00     26,00

01:34:20        CPU     %user     %nice   %system   %iowait    %steal     %idle
01:34:21        all     76,13      2,26      4,27      0,00      0,00     17,34
01:34:21          0     68,69      3,03      2,02      0,00      0,00     26,26
01:34:21          1     69,00      2,00      6,00      0,00      0,00     23,00
01:34:21          2     93,00      0,00      7,00      0,00      0,00      0,00
01:34:21          3     73,74      4,04      2,02      0,00      0,00     20,20

01:34:21        CPU     %user     %nice   %system   %iowait    %steal     %idle
01:34:22        all     78,05      0,50      3,49      0,25      0,00     17,71
01:34:22          0     71,84      1,94      2,91      0,97      0,00     22,33
01:34:22          1     73,74      0,00      2,02      0,00      0,00     24,24
01:34:22          2     93,00      0,00      7,00      0,00      0,00      0,00
01:34:22          3     73,74      0,00      2,02      0,00      0,00     24,24

01:34:22        CPU     %user     %nice   %system   %iowait    %steal     %idle
01:34:23        all     75,70      0,00      4,09      0,00      0,00     20,20
01:34:23          0     73,96      0,00      0,00      0,00      0,00     26,04
01:34:23          1     65,98      0,00      7,22      0,00      0,00     26,80
01:34:23          2     93,00      0,00      7,00      0,00      0,00      0,00
01:34:23          3     69,39      0,00      2,04      0,00      0,00     28,57

01:34:23        CPU     %user     %nice   %system   %iowait    %steal     %idle
01:34:24        all     75,77      0,00      3,32      0,00      0,00     20,92
01:34:24          0     71,13      0,00      1,03      0,00      0,00     27,84
01:34:24          1     69,39      0,00      3,06      0,00      0,00     27,55
01:34:24          2     92,93      0,00      7,07      0,00      0,00      0,00
01:34:24          3     69,39      0,00      2,04      0,00      0,00     28,57

01:34:24        CPU     %user     %nice   %system   %iowait    %steal     %idle
01:34:25        all     76,05      0,00      3,95      0,00      0,00     20,00
01:34:25          0     71,57      0,00      1,96      0,00      0,00     26,47
01:34:25          1     66,34      0,00      6,93      0,00      0,00     26,73
01:34:25          2     94,00      0,00      6,00      0,00      0,00      0,00
01:34:25          3     72,55      0,00      0,98      0,00      0,00     26,47

01:34:25        CPU     %user     %nice   %system   %iowait    %steal     %idle
01:34:26        all     77,06      0,00      3,24      0,00      0,00     19,70
01:34:26          0     73,27      0,00      0,99      0,00      0,00     25,74
01:34:26          1     71,72      0,00      4,04      0,00      0,00     24,24
01:34:26          2     93,07      0,00      6,93      0,00      0,00      0,00
01:34:26          3     70,00      0,00      1,00      0,00      0,00     29,00

01:34:26        CPU     %user     %nice   %system   %iowait    %steal     %idle
01:34:27        all     77,64      0,00      3,27      0,00      0,00     19,10
01:34:27          0     72,73      0,00      2,02      0,00      0,00     25,25
01:34:27          1     69,39      0,00      3,06      0,00      0,00     27,55
01:34:27          2     95,00      0,00      5,00      0,00      0,00      0,00
01:34:27          3     73,27      0,00      2,97      0,00      0,00     23,76

01:34:27        CPU     %user     %nice   %system   %iowait    %steal     %idle
01:34:28        all     78,30      0,00      3,24      0,00      0,00     18,45
01:34:28          0     75,00      0,00      2,00      0,00      0,00     23,00
01:34:28          1     73,27      0,00      1,98      0,00      0,00     24,75
01:34:28          2     95,00      0,00      5,00      0,00      0,00      0,00
01:34:28          3     70,00      0,00      4,00      0,00      0,00     26,00

01:34:28        CPU     %user     %nice   %system   %iowait    %steal     %idle
01:34:29        all     78,00      0,00      3,75      0,00      0,00     18,25
01:34:29          0     92,08      0,00      4,95      0,00      0,00      2,97
01:34:29          1     70,41      0,00      5,10      0,00      0,00     24,49
01:34:29          2     77,00      0,00      1,00      0,00      0,00     22,00
01:34:29          3     72,28      0,00      3,96      0,00      0,00     23,76

01:34:29        CPU     %user     %nice   %system   %iowait    %steal     %idle
01:34:30        all     79,01      0,00      2,47      0,00      0,00     18,52
01:34:30          0     94,06      0,00      5,94      0,00      0,00      0,00
01:34:30          1     76,00      0,00      1,00      0,00      0,00     23,00
01:34:30          2     72,55      0,00      0,98      0,00      0,00     26,47
01:34:30          3     73,53      0,00      1,96      0,00      0,00     24,51

01:34:30        CPU     %user     %nice   %system   %iowait    %steal     %idle
01:34:31        all     77,14      0,00      3,27      0,00      0,00     19,60
01:34:31          0     95,96      0,00      4,04      0,00      0,00      0,00
01:34:31          1     68,00      0,00      7,00      0,00      0,00     25,00
01:34:31          2     72,73      0,00      0,00      0,00      0,00     27,27
01:34:31          3     72,00      0,00      2,00      0,00      0,00     26,00

01:34:31        CPU     %user     %nice   %system   %iowait    %steal     %idle
01:34:32        all     77,39      0,00      3,77      0,00      0,00     18,84
01:34:32          0     81,82      0,00      5,05      0,00      0,00     13,13
01:34:32          1     71,29      0,00      4,95      0,00      0,00     23,76
01:34:32          2     73,00      0,00      1,00      0,00      0,00     26,00
01:34:32          3     83,67      0,00      4,08      0,00      0,00     12,24

01:34:32        CPU     %user     %nice   %system   %iowait    %steal     %idle
01:34:33        all     78,13      0,00      2,70      0,00      0,00     19,16
01:34:33          0     72,28      0,00      1,98      0,00      0,00     25,74
01:34:33          1     70,19      0,00      3,85      0,00      0,00     25,96
01:34:33          2     74,76      0,00      0,97      0,00      0,00     24,27
01:34:33          3     95,96      0,00      4,04      0,00      0,00      0,00

01:34:33        CPU     %user     %nice   %system   %iowait    %steal     %idle
01:34:34        all     77,06      0,00      2,49      0,00      0,00     20,45
01:34:34          0     70,30      0,00      0,99      0,00      0,00     28,71
01:34:34          1     71,29      0,00      2,97      0,00      0,00     25,74
01:34:34          2     71,72      0,00      1,01      0,00      0,00     27,27
01:34:34          3     95,00      0,00      5,00      0,00      0,00      0,00

01:34:34        CPU     %user     %nice   %system   %iowait    %steal     %idle
01:34:35        all     77,58      0,25      3,02      0,00      0,00     19,14
01:34:35          0     71,00      1,00      2,00      0,00      0,00     26,00
01:34:35          1     72,45      0,00      2,04      0,00      0,00     25,51
01:34:35          2     73,74      0,00      1,01      0,00      0,00     25,25
01:34:35          3     93,00      0,00      7,00      0,00      0,00      0,00

01:34:35        CPU     %user     %nice   %system   %iowait    %steal     %idle
01:34:36        all     78,09      0,00      2,27      0,00      0,00     19,65
01:34:36          0     75,51      0,00      0,00      0,00      0,00     24,49
01:34:36          1     70,30      0,00      3,96      0,00      0,00     25,74
01:34:36          2     70,41      0,00      1,02      0,00      0,00     28,57
01:34:36          3     96,00      0,00      4,00      0,00      0,00      0,00

01:34:36        CPU     %user     %nice   %system   %iowait    %steal     %idle
01:34:37        all     77,50      0,00      3,25      0,00      0,00     19,25
01:34:37          0     71,00      0,00      3,00      0,00      0,00     26,00
01:34:37          1     70,71      0,00      5,05      0,00      0,00     24,24
01:34:37          2     71,29      0,00      1,98      0,00      0,00     26,73
01:34:37          3     97,00      0,00      3,00      0,00      0,00      0,00

01:34:37        CPU     %user     %nice   %system   %iowait    %steal     %idle
01:34:38        all     79,10      0,00      1,99      0,00      0,00     18,91
01:34:38          0     73,53      0,00      0,98      0,00      0,00     25,49
01:34:38          1     72,00      0,00      3,00      0,00      0,00     25,00
01:34:38          2     74,26      0,00      0,99      0,00      0,00     24,75
01:34:38          3     96,97      0,00      3,03      0,00      0,00      0,00

01:34:38        CPU     %user     %nice   %system   %iowait    %steal     %idle
01:34:39        all     76,81      0,25      3,24      0,00      0,00     19,70
01:34:39          0     69,70      0,00      2,02      0,00      0,00     28,28
01:34:39          1     69,31      0,00      4,95      0,00      0,00     25,74
01:34:39          2     74,00      1,00      0,00      0,00      0,00     25,00
01:34:39          3     94,06      0,00      5,94      0,00      0,00      0,00

01:34:39        CPU     %user     %nice   %system   %iowait    %steal     %idle
01:34:40        all     77,97      0,00      2,53      0,00      0,00     19,49
01:34:40          0     71,29      0,00      1,98      0,00      0,00     26,73
01:34:40          1     73,20      0,00      2,06      0,00      0,00     24,74
01:34:40          2     72,45      0,00      1,02      0,00      0,00     26,53
01:34:40          3     94,95      0,00      5,05      0,00      0,00      0,00

01:34:40        CPU     %user     %nice   %system   %iowait    %steal     %idle
01:34:41        all     77,14      0,00      4,02      0,00      0,00     18,84
01:34:41          0     73,20      0,00      1,03      0,00      0,00     25,77
01:34:41          1     67,33      0,00      6,93      0,00      0,00     25,74
01:34:41          2     74,00      0,00      2,00      0,00      0,00     24,00
01:34:41          3     94,00      0,00      6,00      0,00      0,00      0,00

01:34:41        CPU     %user     %nice   %system   %iowait    %steal     %idle
01:34:42        all     78,95      0,00      3,26      0,00      0,00     17,79
01:34:42          0     72,73      0,00      2,02      0,00      0,00     25,25
01:34:42          1     71,72      0,00      4,04      0,00      0,00     24,24
01:34:42          2     75,00      0,00      3,00      0,00      0,00     22,00
01:34:42          3     96,04      0,00      3,96      0,00      0,00      0,00

01:34:42        CPU     %user     %nice   %system   %iowait    %steal     %idle
01:34:43        all     78,93      0,00      2,79      0,00      0,00     18,27
01:34:43          0     73,74      0,00      1,01      0,00      0,00     25,25
01:34:43          1     73,20      0,00      2,06      0,00      0,00     24,74
01:34:43          2     74,23      0,00      2,06      0,00      0,00     23,71
01:34:43          3     94,06      0,00      5,94      0,00      0,00      0,00

01:34:43        CPU     %user     %nice   %system   %iowait    %steal     %idle
01:34:44        all     80,20      0,00      1,78      0,00      0,00     18,02
01:34:44          0     76,84      0,00      0,00      0,00      0,00     23,16
01:34:44          1     71,72      0,00      3,03      0,00      0,00     25,25
01:34:44          2     76,24      0,00      0,00      0,00      0,00     23,76
01:34:44          3     95,96      0,00      4,04      0,00      0,00      0,00

01:34:44        CPU     %user     %nice   %system   %iowait    %steal     %idle
01:34:45        all     77,78      0,00      3,79      0,00      0,00     18,43
01:34:45          0     73,53      0,00      1,96      0,00      0,00     24,51
01:34:45          1     69,79      0,00      5,21      0,00      0,00     25,00
01:34:45          2     73,47      0,00      2,04      0,00      0,00     24,49
01:34:45          3     94,00      0,00      6,00      0,00      0,00      0,00


Średnia:       CPU     %user     %nice   %system   %iowait    %steal     %idle
Średnia:       all     77,49      0,16      3,32      0,03      0,00     19,00
Średnia:         0     75,20      0,29      2,11      0,04      0,00     22,37
Średnia:         1     70,31      0,14      4,28      0,04      0,00     25,23
Średnia:         2     81,29      0,04      3,25      0,00      0,00     15,41
Średnia:         3     83,11      0,18      3,65      0,04      0,00     13,02
