Linux 5.8.6-1-MANJARO (bblaszkow-pc-manjaro) 	22.09.2020 	_x86_64_	(4 CPU)

10:46:36        CPU     %user     %nice   %system   %iowait    %steal     %idle
10:46:41        all     43,08      0,41      4,78      0,05      0,00     51,68
10:46:41          0     43,88      0,20      3,67      0,20      0,00     52,04
10:46:41          1     40,57      0,41      6,97      0,00      0,00     52,05
10:46:41          2     47,70      0,60      3,81      0,00      0,00     47,90
10:46:41          3     40,08      0,41      4,70      0,00      0,00     54,81

10:46:41        CPU     %user     %nice   %system   %iowait    %steal     %idle
10:46:46        all     38,65      0,05      3,38      0,00      0,00     57,92
10:46:46          0     36,95      0,00      1,20      0,00      0,00     61,85
10:46:46          1     36,33      0,00      6,59      0,00      0,00     57,09
10:46:46          2     41,47      0,00      2,78      0,00      0,00     55,75
10:46:46          3     39,80      0,20      2,94      0,00      0,00     57,06

10:46:46        CPU     %user     %nice   %system   %iowait    %steal     %idle
10:46:51        all     39,77      0,00      3,61      0,00      0,00     56,62
10:46:51          0     36,79      0,00      1,42      0,00      0,00     61,79
10:46:51          1     42,26      0,00      6,55      0,00      0,00     51,19
10:46:51          2     38,71      0,00      2,82      0,00      0,00     58,47
10:46:51          3     41,24      0,00      3,59      0,00      0,00     55,18

10:46:51        CPU     %user     %nice   %system   %iowait    %steal     %idle
10:46:56        all     45,16      0,00      6,16      0,61      0,00     48,08
10:46:56          0     44,40      0,00      3,26      0,20      0,00     52,14
10:46:56          1     43,35      0,00     11,29      1,21      0,00     44,15
10:46:56          2     46,68      0,00      4,43      0,80      0,00     48,09
10:46:56          3     46,18      0,00      5,62      0,20      0,00     47,99

10:46:56        CPU     %user     %nice   %system   %iowait    %steal     %idle
10:47:01        all     39,31      0,00      3,38      0,00      0,00     57,30
10:47:01          0     40,65      0,00      2,85      0,00      0,00     56,50
10:47:01          1     36,16      0,00      5,37      0,00      0,00     58,47
10:47:01          2     36,51      0,00      1,45      0,00      0,00     62,03
10:47:01          3     43,81      0,00      3,85      0,00      0,00     52,33

10:47:01        CPU     %user     %nice   %system   %iowait    %steal     %idle
10:47:06        all     31,16      0,52      3,72      0,00      0,00     64,60
10:47:06          0     34,34      0,20      4,24      0,00      0,00     61,21
10:47:06          1     27,22      0,84      5,06      0,00      0,00     66,88
10:47:06          2     31,06      0,83      2,90      0,00      0,00     65,22
10:47:06          3     31,88      0,21      2,69      0,00      0,00     65,22


Średnia:       CPU     %user     %nice   %system   %iowait    %steal     %idle
Średnia:       all     39,55      0,16      4,17      0,11      0,00     56,01
Średnia:         0     39,49      0,07      2,77      0,07      0,00     57,61
Średnia:         1     37,73      0,20      6,99      0,20      0,00     54,87
Średnia:         2     40,43      0,24      3,04      0,14      0,00     56,16
Średnia:         3     40,54      0,13      3,90      0,03      0,00     55,39
