Linux 5.8.6-1-MANJARO (bblaszkow-pc-manjaro) 	22.09.2020 	_x86_64_	(4 CPU)

10:45:32        CPU     %user     %nice   %system   %iowait    %steal     %idle
10:45:37        all     18,31      0,26      3,14      0,15      0,00     78,14
10:45:37          0     18,67      0,21      2,28      0,41      0,00     78,42
10:45:37          1     16,97      0,61      6,34      0,00      0,00     76,07
10:45:37          2     18,48      0,21      1,64      0,00      0,00     79,67
10:45:37          3     19,14      0,00      2,26      0,21      0,00     78,40

10:45:37        CPU     %user     %nice   %system   %iowait    %steal     %idle
10:45:42        all     14,96      0,05      2,43      0,05      0,00     82,51
10:45:42          0     14,97      0,00      1,25      0,21      0,00     83,58
10:45:42          1     13,93      0,00      5,12      0,00      0,00     80,94
10:45:42          2     15,64      0,21      1,44      0,00      0,00     82,72
10:45:42          3     15,32      0,00      1,86      0,00      0,00     82,82

10:45:42        CPU     %user     %nice   %system   %iowait    %steal     %idle
10:45:47        all     16,10      0,00      2,46      0,00      0,00     81,44
10:45:47          0     15,75      0,00      2,04      0,00      0,00     82,21
10:45:47          1     15,46      0,00      4,33      0,00      0,00     80,21
10:45:47          2     16,05      0,00      1,44      0,00      0,00     82,51
10:45:47          3     17,14      0,00      2,04      0,00      0,00     80,82

10:45:47        CPU     %user     %nice   %system   %iowait    %steal     %idle
10:45:52        all     15,92      0,05      2,46      0,05      0,00     81,53
10:45:52          0     16,19      0,00      1,23      0,00      0,00     82,58
10:45:52          1     15,68      0,00      4,89      0,20      0,00     79,23
10:45:52          2     15,64      0,00      2,26      0,00      0,00     82,10
10:45:52          3     16,16      0,20      1,43      0,00      0,00     82,21

10:45:52        CPU     %user     %nice   %system   %iowait    %steal     %idle
10:45:57        all     15,70      0,05      2,42      0,00      0,00     81,83
10:45:57          0     15,61      0,21      1,85      0,00      0,00     82,34
10:45:57          1     15,81      0,00      4,72      0,00      0,00     79,47
10:45:57          2     15,46      0,00      1,86      0,00      0,00     82,68
10:45:57          3     15,91      0,00      1,24      0,00      0,00     82,85

10:45:57        CPU     %user     %nice   %system   %iowait    %steal     %idle
10:46:02        all     10,90      0,00      2,46      0,00      0,00     86,65
10:46:02          0     11,61      0,00      2,04      0,00      0,00     86,35
10:46:02          1      9,90      0,00      4,54      0,00      0,00     85,57
10:46:02          2     11,43      0,00      1,84      0,00      0,00     86,73
10:46:02          3     10,63      0,00      1,43      0,00      0,00     87,93


Średnia:       CPU     %user     %nice   %system   %iowait    %steal     %idle
Średnia:       all     15,31      0,07      2,56      0,04      0,00     82,02
Średnia:         0     15,46      0,07      1,78      0,10      0,00     82,59
Średnia:         1     14,63      0,10      4,99      0,03      0,00     80,24
Średnia:         2     15,45      0,07      1,75      0,00      0,00     82,74
Średnia:         3     15,71      0,03      1,71      0,03      0,00     82,51
