Linux 5.8.6-1-MANJARO (bblaszkow-pc-manjaro) 	22.09.2020 	_x86_64_	(4 CPU)

10:51:09        CPU     %user     %nice   %system   %iowait    %steal     %idle
10:51:14        all     67,18      0,60      3,78      0,10      0,00     28,34
10:51:14          0     63,49      0,79      2,98      0,00      0,00     32,74
10:51:14          1     76,39      0,60      6,55      0,20      0,00     16,27
10:51:14          2     65,47      0,80      2,00      0,00      0,00     31,74
10:51:14          3     63,35      0,20      3,59      0,20      0,00     32,67

10:51:14        CPU     %user     %nice   %system   %iowait    %steal     %idle
10:51:19        all     71,51      0,25      2,26      0,05      0,00     25,93
10:51:19          0     71,57      0,20      1,21      0,20      0,00     26,81
10:51:19          1     70,74      0,20      4,21      0,00      0,00     24,85
10:51:19          2     72,18      0,00      1,61      0,00      0,00     26,21
10:51:19          3     71,54      0,60      2,00      0,00      0,00     25,85

10:51:19        CPU     %user     %nice   %system   %iowait    %steal     %idle
10:51:24        all     71,34      0,00      2,49      0,00      0,00     26,17
10:51:24          0     70,69      0,00      1,39      0,00      0,00     27,92
10:51:24          1     69,96      0,00      5,53      0,00      0,00     24,51
10:51:24          2     72,75      0,00      1,80      0,00      0,00     25,45
10:51:24          3     72,00      0,00      1,20      0,00      0,00     26,80

10:51:24        CPU     %user     %nice   %system   %iowait    %steal     %idle
10:51:29        all     70,89      0,05      2,65      0,00      0,00     26,41
10:51:29          0     71,80      0,20      1,40      0,00      0,00     26,60
10:51:29          1     68,66      0,00      6,19      0,00      0,00     25,15
10:51:29          2     72,09      0,00      1,20      0,00      0,00     26,71
10:51:29          3     71,00      0,00      1,80      0,00      0,00     27,20

10:51:29        CPU     %user     %nice   %system   %iowait    %steal     %idle
10:51:34        all     70,76      0,05      2,25      0,00      0,00     26,94
10:51:34          0     71,20      0,00      1,60      0,00      0,00     27,20
10:51:34          1     67,20      0,00      4,20      0,00      0,00     28,60
10:51:34          2     73,99      0,00      1,21      0,00      0,00     24,80
10:51:34          3     70,66      0,20      2,00      0,00      0,00     27,15


Średnia:       CPU     %user     %nice   %system   %iowait    %steal     %idle
Średnia:       all     70,33      0,19      2,69      0,03      0,00     26,76
Średnia:         0     69,74      0,24      1,72      0,04      0,00     28,26
Średnia:         1     70,60      0,16      5,34      0,04      0,00     23,86
Średnia:         2     71,29      0,16      1,57      0,00      0,00     26,99
Średnia:         3     69,70      0,20      2,12      0,04      0,00     27,94
