134
135
143
169
191
231
270
305
344
372
424
464
504
533
584
615
673
693
745
785
828
865
910
936
989
1028
1066
1105
1149
1179
1228
1256
1307
1345
1384
1416
1465
1510
1552
1584
1624
1652
1709
1744
1784
1824
1855
1904
1949
1980
2024
2064
2104
2144
2186
2218
2264
2293
2344
2384
2424
2464
2504
2544
2580
2618
2669
2704
2744
2794
2824
2865
2893
2944
2988
3029
3053
3108
3147
3188
3213
3264
3304
3344
3384
3424
3453
3508
3539
3579
3625
3651
3704
3744
3784
3824
3864
3893
3947
3985
4025
4065
4093
4144
4172
4216
4263
4291
4346
4379
4422
4463
4491
4546
4582
4623
4654
4694
4742
4772
4822
4858
4907
4945
4987
5030
5060
5099
5149
5184
5214
5265
5313
5347
5379
5424
5462
5502
5542
5587
5612
5665
5704
5732
5787
5825
5854
5902
5942
5982
6022
6052
6102
6149
6182
6222
6262
6302
6345
6378
6427
6468
6507
6540
6579
6619
6662
6702
6742
6774
6822
6862
6902
6932
6982
7028
7065
7104
7148
7185
7215
7262
7305
7347
7385
7415
7457
7509
7542
7582
7622
7662
7705
7741
7788
7812
7862
7909
7949
7982
8025
8062
8102
8142
8182
8229
8262
8303
8331
8382
8411
8464
8502
8542
8577
8626
8662
8702
8743
8783
8814
8862
8892
8942
8982
9022
9062
9102
9143
9174
9223
9258
9303
9334
9383
9423
9463
9504
9547
9579
9619
9663
9694
9746
9783
9827
9852
9897
9935
9984
10020
10067
10095
10153
10184
10228
10272
10297
10343
10383
10423
10463
10492
10543
10583
10624
10663
10692
10744
10784
10815
10864
10904
10935
10984
11024
11064
11104
11144
11177
11217
11264
11309
11346
11372
11424
11464
11504
11533
11584
11613
11671
11698
11732
11786
11814
11868
11907
11946
11973
12024
12064
12104
12132
12184
12224
12261
12294
12343
12391
12424
12451
12503
12534
12583
12626
12667
12692
12739
12774
12821
12855
12898
12941
12981
13021
13061
13101
13141
13173
13221
13252
13301
13342
13374
13423
13459
13493
13541
13581
13621
13661
13702
13742
13782
13822
13862
13902
13942
13972
14015
14057
14101
14141
14182
14222
14262
14292
14342
14382
14422
14462
14502
14532
14582
14622
14662
14702
14742
14782
14822
14862
14902
14942
14982
15027
15062
15102
15142
15172
15221
15262
15302
15342
15374
15424
15462
15502
15532
15585
15622
15662
15702
15742
15782
15822
15851
15902
15931
15982
16022
16062
16102
16142
16182
16222
16262
16302
16342
16382
16425
16466
16508
16549
16579
16622
16662
16702
16733
16782
16814
16861
16894
16942
16972
17024
17052
17106
17144
17184
17215
17263
17292
17343
17383
17420
17463
17492
17545
17579
17616
17663
17703
17732
17778
17821
17863
17903
17934
17972
18028
18066
18097
18143
18179
18223
18263
18303
18343
18384
18412
18466
18503
18546
18583
18623
18663
18698
18739
18779
18821
18863
18895
18943
18988
19029
19054
19112
19143
19181
19223
19263
19296
19344
19384
19414
19464
19504
19534
19583
19623
19663
19699
19743
19785
19814
19869
19903
19943
19983
20023
20063
20103
20135
20185
20212
20268
20308
20340
20382
20422
20459
20494
20542
20582
20622
20651
20702
20732
20784
20811
20863
20901
20933
20981
21012
21061
21091
21141
21181
21212
21268
21303
21331
21385
21421
21461
21502
21534
21581
21625
21655
21702
21741
21781
21821
21851
21901
21932
21981
22011
22054
22096
22143
22187
22227
22261
22305
22349
22389
22421
22461
22494
22541
22575
22627
22652
22692
22744
22781
22824
22861
22891
22948
22975
23015
23066
23101
23135
23174
23226
23259
23298
23342
23371
23421
23452
23502
23531
23574
23622
23652
23702
23744
23784
23822
23857
23902
23942
23982
24014
24062
24106
24146
24188
24221
24256
24299
24342
24372
24421
24462
24502
24542
24574
24622
24655
24705
24744
24774
24826
24855
24902
24934
24982
25025
25055
25102
25142
25186
25227
25255
25305
25347
25382
25425
25454
25507
25542
25574
25615
25662
25693
25742
25785
25824
25866
25906
25944
25985
26026
26066
26093
26146
26180
26224
26254
26292
26342
26386
26415
26465
26492
26542
26582
26622
26651
26702
26743
26782
26822
26862
26902
26942
26982
27022
27062
27094
27145
27174
27212
27266
27298
27348
27385
27425
27459
27492
27542
27582
27622
27652
27702
27743
27782
27812
27865
27895
27945
27989
28026
28067
28104
28147
28182
28222
