118
144
222
254
279
309
338
372
413
452
490
530
570
610
649
690
732
771
811
851
891
935
975
1040
1068
1091
1131
1171
1210
1251
1290
1330
1370
1411
1452
1490
1531
1570
1610
1651
1691
1730
1771
1810
1850
1891
1930
1971
2009
2051
2090
2130
2170
2209
2250
2290
2330
2370
2410
2450
2490
2529
2570
2610
2650
2689
2730
2770
2810
2851
2890
2930
2969
3010
3049
3090
3129
3170
3209
3250
3290
3330
3371
3410
3450
3491
3530
3569
3610
3650
3689
3730
3769
3810
3851
3891
3930
3970
4011
4051
4090
4132
4172
4211
4250
4292
4330
4370
4410
4450
4488
4529
4569
4609
4649
4690
4730
4769
4808
4848
4888
4929
4969
5008
5049
5088
5129
5168
5208
5249
5289
5328
5369
5409
5449
5489
5529
5569
5609
5650
5689
5730
5769
5809
5849
5889
5929
5969
6009
6049
6089
6129
6169
6209
6250
6289
6329
6369
6409
6449
6489
6529
6570
6610
6649
6689
6729
6769
6809
6849
6889
6929
6969
7009
7049
7089
7129
7169
7209
7250
7289
7329
7369
7409
7450
7494
7529
7569
7609
7650
7689
7729
7769
7809
7849
7889
7929
7969
8009
8049
8089
8129
8169
8209
8248
8288
8329
8369
8408
8448
8488
8528
8569
8608
8649
8688
8728
8769
8808
8849
8889
8930
8969
9008
9049
9089
9130
9170
9211
9250
9291
9330
9368
9408
9448
9488
9528
9569
9609
9650
9690
9730
9771
9810
9850
9891
9930
9969
10010
10049
10091
10130
10170
10209
10251
10290
10330
10370
10411
10451
10490
10530
10569
10610
10650
10691
10730
10770
10809
10850
10891
10930
10971
11010
11050
11091
11131
11170
11210
11250
11290
11330
11369
11412
11449
11490
11530
11571
11610
11649
11690
11729
11770
11809
11849
11891
11930
11971
12010
12050
12090
12130
12170
12210
12250
12290
12329
12370
12409
12449
12489
12529
12570
12608
12648
12690
12729
12769
12809
12849
12890
12929
12969
13009
13049
13089
13129
13171
13208
13250
13288
13329
13369
13409
13450
13489
13529
13568
13609
13648
13688
13729
13768
13808
13849
13888
13928
13968
14009
14049
14089
14129
14169
14208
14249
14289
14329
14369
14409
14449
14489
14529
14569
14610
14649
14690
14729
14770
14809
14849
14890
14929
14969
15009
15049
15089
15130
15170
15209
15249
15289
15329
15369
15410
15449
15489
15529
15569
15610
15650
15691
15731
15769
15810
15849
15890
15929
15969
16009
16048
16090
16129
16169
16209
16248
16289
16329
16370
16409
16448
16488
16528
16569
16608
16648
16689
16729
16770
16809
16849
16890
16929
16970
17009
17051
17107
17133
17172
17221
17256
17311
17351
17397
17444
17472
17521
17560
17592
17616
17654
17699
17741
17770
17810
17851
17889
17932
17971
18013
18051
18089
18132
18169
18211
18251
18289
18331
18370
18412
18451
18492
18530
18569
18611
18653
18690
18731
18770
18809
18849
18890
18930
18971
19010
19053
19091
19130
19170
19210
19251
19290
19331
19370
19409
19450
19491
19531
19571
19610
19651
19690
19730
19771
19810
19850
19890
19930
19969
20009
20049
20088
20129
20169
20209
20249
20290
20330
20370
20410
20449
20489
20531
20570
20610
20650
20690
20730
20769
20810
20850
20889
20930
20970
21010
21049
21090
21129
21170
21210
21249
21289
21329
21369
21409
21449
21489
21529
21569
21609
21649
21689
21729
21769
21810
21849
21889
21930
21970
22010
22050
22090
22130
22170
22210
22250
22290
22331
22370
22410
22450
22490
22530
22570
22610
22650
22690
22730
22770
22810
22850
22890
22930
22970
23010
23050
23090
23130
23170
23211
23251
23290
23330
23370
23410
23450
23490
23530
23570
23610
23650
23690
23730
23770
23810
23850
23890
23930
23970
24010
24051
24091
24130
24170
24210
24250
24290
24331
24370
24410
24450
24490
24530
24570
24610
24650
24690
24731
24770
24810
24850
24891
24930
24970
25010
25050
25090
25130
25170
25210
25250
25290
25330
25370
25411
25450
25490
25531
25570
25610
25650
25690
25730
25770
25810
25850
25890
25931
25970
26010
26050
26090
26131
26170
26210
26250
26290
26330
26370
26411
26450
26490
26530
26570
26610
26650
26690
26731
26770
26810
26851
26890
26930
26970
27010
27051
27090
27130
27170
27210
27250
27291
27330
27370
27411
27450
27490
27530
27570
27610
27651
27690
27730
27770
27811
27850
27890
27931
27972
28011
28051
28090
28130
28170
28210
28250
28290
28316
28356
28396
28436
28476
28516
28556
28596
28636
28676
28716
28756
28796
28836
28876
28916
28956
28996
29036
29076
29116
29156
29196
29236
29276
29316
29356
29396
29436
29476
29516
29556
29596
29636
29676
29716
29756
29796
29836
29876
29916
29956
29996
30036
30076
30116
30156
30196
30236
30276
30316
30356
30396
30436
Error from Some(Owned(0x5600917199c0, 104)): Output window was closed (Some("../gst-plugins-base/sys/xvimage/xvimagesink.c(554): gst_xv_image_sink_handle_xevents (): /GstPipeline:pipeline0/GstAutoVideoSink:autovideosink0/GstXvImageSink:autovideosink0-actual-sink-xvimage"))
