77
117
150
178
207
241
280
322
361
401
439
493
523
563
604
641
681
721
760
799
840
882
923
960
1001
1041
1082
1124
1160
1201
1241
1282
1323
1360
1401
1442
1481
1521
1561
1602
1643
1682
1721
1760
1800
1840
1879
1920
1958
2000
2040
2081
2120
2159
2200
2241
2279
2321
2359
2402
2439
2481
2519
2560
2600
2639
2680
2719
2760
2800
2838
2880
2919
2959
3000
3039
3080
3119
3159
3199
3240
3280
3320
3359
3399
3440
3479
3519
3560
3601
3640
3679
3720
3759
3801
3840
3880
3921
3960
4001
4041
4082
4120
4161
4200
4240
4280
4320
4360
4400
4439
4478
4518
4559
4598
4640
4680
4718
4758
4798
4839
4878
4918
4958
4998
5038
5079
5118
5158
5198
5239
5279
5319
5359
5399
5439
5479
5519
5559
5600
5639
5680
5719
5759
5799
5839
5879
5919
5960
5999
6040
6079
6119
6159
6199
6240
6279
6319
6359
6399
6439
6479
6519
6559
6600
6640
6679
6719
6759
6800
6839
6879
6919
6960
6999
7039
7079
7119
7159
7199
7239
7279
7319
7359
7400
7439
7480
7519
7559
7600
7639
7679
7719
7759
7799
7839
7879
7919
7959
8000
8041
8080
8120
8159
8199
8238
8278
8318
8359
8397
8438
8479
8518
8559
8598
8638
8679
8718
8758
8799
8839
8879
8918
8959
9000
9039
9080
9120
9160
9199
9239
9279
9318
9358
9397
9439
9478
9519
9558
9600
9639
9680
9720
9759
9800
9840
9880
9919
9960
9999
10041
10079
10119
10159
10199
10239
10279
10320
10359
10399
10439
10480
10520
10559
10600
10641
10681
10720
10760
10799
10840
10880
10919
10959
11000
11039
11080
11121
11159
11200
11239
11280
11319
11360
11399
11439
11480
11519
11561
11599
11640
11679
11719
11759
11800
11841
11880
11920
11959
12001
12039
12080
12120
12160
12199
12240
12280
12320
12360
12398
12439
12480
12520
12558
12599
12639
12680
12720
12759
12798
12839
12879
12919
12959
12999
13039
13078
13118
13158
13198
13238
13278
13318
13358
13398
13439
13478
13518
13558
13598
13638
13678
13718
13758
13798
13838
13880
13919
13958
13998
14039
14079
14119
14159
14199
14239
14279
14320
14359
14400
14439
14479
14519
14559
14600
14639
14680
14719
14759
14800
14839
14879
14920
14959
14999
15040
15079
15119
15159
15199
15240
15279
15319
15359
15399
15441
15480
15519
15559
15600
15639
15679
15719
15759
15799
15839
15879
15919
15959
15999
16040
16078
16119
16159
16198
16238
16277
16318
16357
16397
16437
16477
16518
16557
16598
16639
16678
16719
16759
16799
16840
16879
16920
16959
17000
17039
17080
17120
17160
17201
17240
17280
17319
17359
17399
17439
17479
17519
17559
17599
17638
17678
17718
17760
17800
17838
17879
17919
17959
17999
18038
18079
18119
18160
18198
18240
18279
18319
18360
18399
18439
18480
18519
18559
18599
18639
18679
18720
18759
18799
18839
18878
18919
18958
18999
19038
19079
19119
19160
19198
19239
19280
19318
19359
19398
19439
19478
19519
19559
19600
19640
19678
19721
19759
19800
19839
19879
19921
19959
19999
20040
20078
20118
20159
20200
20239
20279
20320
20359
20399
20439
20481
20522
20561
20598
20639
20679
20719
20759
20800
20839
20880
20920
20959
21000
21039
21079
21119
21160
21199
21239
21279
21320
21360
21399
21440
21479
21520
21559
21599
21639
21679
21718
21759
21799
21840
21880
21921
21960
22000
22040
22080
22121
22161
22200
22240
22280
22321
22360
22400
22440
22480
22520
22560
22600
22641
22680
22720
22760
22800
22840
22880
22920
22960
23000
23040
23080
23120
23160
23200
23240
23281
23320
23360
23400
23440
23480
23520
23560
23600
23640
23680
23720
23760
23800
23840
23880
23920
23960
24000
24040
24080
24120
24160
24200
24239
24280
24320
24360
24400
24440
24480
24520
24560
24600
24640
24680
24720
24760
24800
24840
24880
24921
24960
25000
25040
25081
25120
25160
25200
25240
25280
25321
25361
25400
25440
25480
25520
25560
25600
25640
25680
25720
25761
25800
25840
25881
25920
25961
26000
26041
26080
26120
26161
26200
26240
26280
26320
26360
26400
26440
26480
26520
26560
26600
26641
26680
26721
26760
26800
26840
26880
26920
26960
27000
27041
27080
27120
27161
27201
27240
27291
27321
27360
27400
27440
27480
27521
27560
27601
27640
27680
27720
27760
27800
27843
27882
27922
27960
28001
28040
28080
28120
28160
28200
28240
28266
28306
28346
28386
28426
28466
28506
28546
28586
28626
28666
28706
28746
28787
28826
28866
28906
28946
28986
29026
29066
29106
29146
29186
29226
29266
29306
29346
29386
29426
29465
29506
29546
29586
29626
29665
29706
29746
29786
29826
29866
29906
29946
29986
30026
30066
30106
30145
30186
30226
30266
30306
30346
30386
Error from Some(Owned(0x563391164f00, 104)): Output window was closed (Some("../gst-plugins-base/sys/xvimage/xvimagesink.c(554): gst_xv_image_sink_handle_xevents (): /GstPipeline:pipeline0/GstAutoVideoSink:autovideosink0/GstXvImageSink:autovideosink0-actual-sink-xvimage"))
