29
59
118
152
177
217
257
297
337
377
418
458
503
539
579
619
658
698
738
778
820
859
898
937
978
1019
1057
1100
1137
1178
1218
1257
1299
1338
1378
1417
1459
1498
1537
1578
1618
1657
1697
1737
1779
1818
1857
1897
1939
1978
2017
2057
2097
2137
2177
2218
2257
2297
2337
2377
2417
2457
2497
2537
2577
2617
2657
2698
2737
2777
2817
2857
2898
2937
2977
3017
3057
3097
3137
3177
3217
3257
3297
3337
3377
3418
3458
3498
3538
3577
3617
3657
3697
3737
3777
3818
3858
3898
3938
3978
4018
4058
4097
4138
4177
4218
4257
4297
4337
4376
4417
4456
4497
4536
4576
4617
4657
4697
4736
4776
4816
4856
4896
4936
4976
5016
5056
5096
5136
5176
5216
5256
5296
5337
5377
5417
5456
5496
5536
5577
5616
5657
5697
5737
5777
5817
5856
5896
5937
5977
6016
6057
6097
6136
6177
6217
6257
6297
6337
6377
6417
6457
6497
6537
6577
6617
6656
6696
6737
6776
6817
6857
6896
6937
6976
7017
7057
7096
7137
7176
7216
7257
7297
7337
7377
7416
7457
7497
7536
7577
7616
7657
7697
7737
7776
7816
7857
7896
7937
7977
8016
8056
8096
8137
8176
8216
8256
8296
8336
8376
8416
8456
8496
8536
8576
8616
8656
8696
8736
8776
8817
8856
8896
8937
8977
9017
9057
9097
9138
9177
9217
9256
9296
9336
9376
9416
9456
9496
9537
9577
9617
9657
9698
9737
9778
9818
9857
9898
9938
9978
10017
10058
10097
10137
10178
10217
10257
10297
10337
10377
10417
10457
10497
10538
10577
10617
10657
10697
10738
10777
10818
10858
10898
10937
10977
11017
11057
11097
11137
11177
11218
11257
11298
11337
11377
11418
11457
11497
11538
11577
11617
11657
11697
11738
11777
11817
11858
11898
11938
11977
12018
12058
12097
12137
12177
12217
12257
12297
12337
12377
12418
12457
12497
12536
12576
12616
12656
12698
12736
12776
12817
12856
12897
12937
12977
13017
13057
13096
13136
13176
13216
13257
13296
13336
13376
13416
13457
13496
13536
13576
13616
13656
13696
13736
13777
13816
13857
13896
13936
13977
14016
14056
14096
14136
14177
14216
14256
14297
14336
14377
14417
14456
14497
14537
14577
14617
14657
14697
14737
14777
14817
14856
14896
14937
14977
15016
15057
15097
15136
15177
15216
15256
15297
15336
15376
15417
15456
15497
15536
15576
15616
15656
15697
15736
15777
15816
15856
15896
15936
15977
16016
16056
16096
16136
16176
16216
16256
16296
16336
16376
16416
16456
16496
16536
16576
16616
16657
16697
16737
16777
16816
16856
16897
16937
16977
17018
17057
17097
17138
17178
17217
17257
17298
17337
17377
17417
17457
17497
17537
17577
17617
17657
17697
17737
17777
17816
17856
17897
17936
17977
18017
18056
18097
18137
18177
18217
18256
18297
18336
18376
18417
18456
18498
18537
18577
18617
18658
18696
18736
18777
18816
18857
18897
18937
18976
19017
19058
19097
19137
19177
19216
19257
19298
19337
19377
19417
19456
19497
19538
19577
19618
19657
19697
19737
19777
19817
19857
19897
19936
19977
20017
20056
20097
20136
20177
20217
20257
20297
20337
20377
20417
20456
20497
20536
20577
20617
20656
20696
20737
20777
20817
20857
20897
20937
20977
21017
21057
21097
21137
21177
21217
21257
21297
21337
21377
21417
21457
21497
21537
21577
21617
21656
21697
21737
21777
21817
21857
21897
21937
21977
22018
22057
22097
22137
22177
22217
22257
22297
22337
22377
22417
22457
22497
22537
22577
22617
22657
22697
22737
22777
22817
22857
22897
22937
22977
23017
23057
23097
23137
23177
23217
23257
23297
23337
23377
23417
23457
23497
23537
23577
23617
23657
23697
23737
23777
23817
23857
23897
23937
23977
24017
24057
24097
24137
24177
24217
24257
24297
24337
24377
24417
24457
24497
24537
24577
24617
24657
24697
24737
24777
24817
24857
24897
24937
24977
25017
25057
25097
25137
25177
25217
25257
25297
25337
25377
25417
25457
25497
25537
25577
25617
25657
25697
25737
25777
25818
25857
25898
25937
25977
26017
26057
26097
26137
26177
26217
26257
26297
26337
26377
26417
26457
26497
26537
26577
26617
26657
26697
26737
26777
26817
26857
26898
26937
26977
27017
27057
27097
27137
27177
27217
27257
27297
27337
27377
27417
27457
27497
27537
27577
27617
27657
27697
27737
27777
27817
27857
27897
27937
27977
28017
28057
28097
28137
28177
28217
28244
28284
28324
28364
28404
28444
28484
28524
28564
28604
28644
28684
28724
28764
28804
28844
28884
28924
28964
29004
29044
29084
29124
29164
29204
29244
29284
29324
29364
29404
29444
29484
29524
29564
29604
29644
29684
29724
29764
29804
29844
29884
29924
29964
30004
30044
30084
30124
30164
30204
30244
30284
30324
30364
Error from Some(Owned(0x556ae792d100, 104)): Output window was closed (Some("../gst-plugins-base/sys/xvimage/xvimagesink.c(554): gst_xv_image_sink_handle_xevents (): /GstPipeline:pipeline0/GstAutoVideoSink:autovideosink0/GstXvImageSink:autovideosink0-actual-sink-xvimage"))
