92
99
124
186
201
245
266
305
361
386
426
475
495
555
585
629
665
712
753
795
821
855
914
945
995
1035
1056
1116
1143
1195
1240
1268
1319
1353
1398
1435
1466
1517
1565
1593
1627
1666
1707
1747
1792
1826
1865
1906
1955
1977
2015
2074
2106
2150
2194
2236
2256
2309
2351
2395
2419
2471
2506
2556
2592
2636
2676
2700
2753
2786
2836
2856
2912
2958
2995
3026
3064
3115
3134
3196
3226
3269
3306
3358
3374
3434
3465
3514
3532
3582
3632
3665
3697
3745
3785
3835
3872
3910
3944
3996
4017
4076
4114
4136
4186
4224
4263
4313
4342
4375
4430
4478
4496
4546
4599
4621
4665
4712
4746
4778
4823
4874
4911
4947
4983
5028
5061
5093
5154
5183
5225
5268
5302
5353
5383
5436
5455
5512
5557
5583
5623
5663
5707
5753
5790
5833
5873
5903
5955
5974
6030
6058
6110
6156
6195
6226
6264
6313
6344
6382
6429
6475
6512
6551
6591
6628
6654
6711
6751
6795
6828
6866
6916
6933
6983
7023
7064
7108
7153
7187
7228
7261
7303
7354
7390
7424
7469
7513
7543
7574
7625
7670
7696
7750
7780
7828
7872
7904
7959
7975
8024
8072
8108
8149
8177
8236
8276
8300
8350
8379
8419
8472
8507
8551
8593
8641
8663
8709
8744
8786
8824
8863
8913
8943
8983
9023
9070
9103
9156
9180
9235
9265
9305
9355
9395
9435
9461
9500
9553
9584
9634
9652
9717
9737
9787
9825
9869
9915
9956
9988
10035
10053
10115
10145
10185
10229
10265
10308
10353
10380
10433
10456
10511
10536
10582
10635
10654
10714
10755
10775
10837
10864
10905
10948
11001
11036
11058
11104
11145
11191
11233
11266
11295
11354
11375
11434
11474
11510
11537
11589
11618
11672
11703
11752
11785
11834
11866
11914
11945
11985
12033
12065
12108
12143
12198
12223
12266
12298
12352
12391
12438
12456
12511
12536
12587
12617
12671
12707
12754
12793
12813
12868
12895
12954
12988
13020
13062
13100
13152
13182
13222
13268
13307
13356
13388
13433
13455
13502
13553
13592
13633
13654
13706
13750
13790
13823
13875
13904
13944
13984
14029
14053
14113
14150
14184
14229
14275
14293
14355
14386
14437
14466
14516
14542
14579
14631
14674
14710
14753
14796
14823
14866
14920
14952
14976
15030
15077
15104
15143
15184
15223
15260
15307
15343
15391
15429
15461
15512
15537
15591
15631
15675
15703
15752
15789
15826
15852
15907
15951
15983
16035
16063
16104
16142
16183
16231
16261
16309
16356
16383
16428
16463
16512
16532
16583
16628
16671
16704
16751
16784
16827
16868
16902
16939
16996
17036
17066
17106
17154
17173
17225
17256
17311
17335
17384
17428
17479
17511
17537
17588
17622
17675
17715
17749
17797
17825
17869
17906
17942
17985
18024
18075
18105
18155
18173
18233
18265
18309
18341
18399
18425
18465
18493
18547
18583
18620
18660
18704
18754
18784
18833
18872
18915
18939
18992
19015
19064
19112
19152
19196
19216
19270
19310
19344
19398
19417
19475
19495
19554
19595
19627
19678
19695
19748
19787
19836
19853
19911
19953
19989
20027
20075
20095
20148
20192
20227
20271
20304
20346
20398
20428
20463
20510
20549
20590
20634
20654
20713
20738
20783
20832
20873
20899
20947
20989
21036
21070
21098
21154
21182
21220
21275
21309
21351
21389
21422
21472
21502
21549
21592
21629
21672
21695
21753
21775
21833
21859
21919
21942
21978
22032
22062
22100
22153
22192
22229
22262
22302
22342
22382
22425
22472
22502
22555
22582
22623
22662
22712
22742
22799
22823
22856
22910
22955
22976
23030
23073
23122
23143
23182
23232
23252
23307
23353
23382
23422
23462
23503
23540
23585
23623
23670
23719
23742
23785
23836
23863
23913
23943
23992
24036
24062
24116
24142
24196
24212
24273
24315
24343
24383
24433
24462
24502
24552
24594
24637
24654
24715
24743
24789
24834
24863
24905
24952
24994
25026
25063
25109
25149
25193
25213
25268
25315
25344
25389
25416
25470
25499
25538
25584
25633
25672
25703
25752
25794
25815
25868
25911
25951
25983
26031
26060
26115
26152
26181
26233
26268
26319
26355
26383
26434
26463
26508
26548
26576
26618
26676
26711
26743
26794
26830
26873
26896
26950
26981
27030
27080
27092
27143
27190
27223
27266
27303
27342
27399
27433
27464
27507
27560
27583
27630
27676
27722
27743
27786
27821
27874
27901
27949
27982
28024
28076
28103
28146
28196
28223
