62
137
195
230
247
280
313
340
360
395
454
471
517
557
596
637
666
713
791
820
841
875
911
955
997
1044
1082
1116
1144
1196
1230
1280
1326
1353
1396
1435
1469
1523
1554
1609
1634
1668
1707
1745
1791
1825
1890
1915
1956
1997
2024
2077
2103
2160
2195
2232
2266
2310
2353
2397
2423
2478
2529
2563
2586
2625
2678
2715
2763
2793
2847
2877
2915
2955
2996
3030
3076
3111
3155
3196
3225
3271
3315
3355
3390
3458
3470
3518
3556
3580
3636
3669
3720
3762
3777
3842
3876
3915
3956
3996
4042
4087
4111
4145
4197
4228
4272
4313
4342
4388
4433
4470
4514
4543
4583
4626
4673
4700
4754
4783
4826
4876
4922
4960
4996
5015
5078
5112
5152
5196
5223
5255
5318
5349
5386
5453
5469
5515
5548
5592
5623
5662
5710
5760
5772
5830
5880
5902
5943
6001
6039
6077
6109
6151
6190
6231
6269
6313
6368
6397
6429
6480
6528
6548
6587
6630
6676
6719
6752
6777
6822
6874
6903
6965
6995
7044
7080
7103
7155
7194
7223
7275
7321
7372
7398
7437
7463
7515
7543
7591
7635
7658
7708
7743
7793
7834
7864
7918
7950
7992
8041
8069
8111
8149
8196
8236
8262
8306
8332
8404
8440
8464
8514
8560
8589
8637
8673
8711
8742
8790
8829
8873
8930
8950
8984
9018
9075
9110
9163
9197
9234
9290
9310
9355
9395
9437
9475
9516
9556
9596
9635
9676
9705
9757
9796
9836
9869
9915
9970
9994
10022
10074
10115
10162
10202
10234
10271
10322
10354
10384
10433
10483
10507
10553
10596
10642
10675
10715
10755
10795
10835
10875
10915
10955
10996
11036
11075
11115
11155
11196
11235
11275
11315
11355
11395
11435
11475
11515
11555
11595
11635
11675
11710
11756
11795
11835
11867
11906
11955
11990
12025
12070
12111
12158
12195
12229
12280
12315
12363
12396
12439
12486
12506
12554
12595
12635
12675
12714
12754
12793
12823
12876
12899
12960
12974
13036
13073
13113
13153
13183
13233
13273
13305
13357
13385
13434
13478
13503
13549
13595
13623
13672
13698
13754
13795
13824
13874
13903
13942
13995
14024
14076
14109
14157
14183
14233
14263
14302
14356
14383
14440
14480
14503
14552
14572
14640
14683
14723
14736
14792
14828
14871
14916
14955
15003
15037
15071
15100
15137
15194
15235
15252
15312
15346
15383
15427
15469
15505
15553
15592
15625
15675
15694
15739
15793
15831
15877
15907
15962
15984
16029
16075
16107
16152
16191
16231
16269
16319
16357
16396
16435
16475
16514
16548
16593
16634
16673
16707
16750
16794
16833
16873
16913
16954
16984
17036
17085
17107
17134
17196
17227
17287
17310
17355
17385
17435
17476
17516
17556
17595
17636
17676
17703
17760
17785
17835
17866
17903
17961
17994
18035
18074
18115
18154
18194
18235
18276
18315
18355
18395
18436
18475
18510
18540
18590
18638
18676
18696
18752
18781
18834
18861
18918
18934
18995
19021
19082
19117
19137
19194
19224
19275
19323
19345
19394
19442
19464
19514
19555
19594
19634
19664
19706
19747
19790
19825
19875
19914
19955
19995
20035
20064
20115
20143
20182
20220
20266
20318
20358
20392
20430
20473
20507
20553
20595
20614
20662
20713
20752
20793
20819
20873
20900
20947
21000
21024
21079
21095
21153
21183
21223
21276
21303
21358
21393
21436
21463
21501
21554
21594
21633
21693
21711
21742
21792
21830
21876
21911
21954
21994
22034
22072
22125
22135
22195
22235
22263
22320
22347
22394
22439
22467
22512
22552
22594
22633
22658
22714
22755
22798
22835
22882
22910
22960
22975
23033
23066
23103
23147
23199
23240
23272
23313
23365
23385
23428
23485
23505
23561
23595
23633
23676
23716
23755
23782
23834
23872
23912
23964
23986
24027
24063
24113
24163
24190
24231
24277
24308
24356
24395
24423
24464
24512
24542
24585
24614
24677
24718
24733
24796
24829
24866
24896
24946
24982
25023
25076
25095
25152
25175
25242
25264
25293
25340
25398
25440
25463
25516
25548
25595
25640
25672
25723
25738
25795
25827
25875
25914
25955
25995
26035
26076
26109
26163
26188
26237
26272
26319
26355
26389
26439
26462
26515
26555
26580
26639
26673
26710
26740
26789
26838
26862
26908
26952
26982
27032
27076
27115
27161
27177
27235
27279
27299
27344
27397
27435
27475
27502
27555
27596
27636
27676
27706
27734
27798
27838
27880
27926
27945
27996
28016
28076
28110
28165
28196
28240
