65
113
147
180
217
253
283
315
356
395
436
485
524
565
602
638
676
717
758
796
836
876
916
956
999
1037
1077
1118
1156
1196
1236
1278
1316
1356
1397
1440
1478
1517
1559
1596
1637
1676
1717
1758
1797
1836
1876
1916
1954
1995
2036
2076
2115
2157
2195
2235
2276
2315
2354
2396
2436
2475
2515
2555
2595
2636
2676
2716
2756
2794
2834
2875
2915
2956
2996
3038
3076
3116
3156
3195
3237
3277
3315
3357
3396
3436
3475
3516
3557
3596
3637
3676
3718
3756
3796
3838
3877
3916
3957
3998
4037
4079
4117
4158
4196
4237
4276
4317
4355
4395
4434
4474
4515
4554
4595
4634
4675
4714
4754
4794
4834
4875
4915
4954
4994
5034
5074
5115
5154
5194
5234
5275
5314
5354
5395
5434
5475
5515
5555
5595
5634
5676
5715
5755
5795
5835
5875
5915
5955
5995
6034
6075
6115
6155
6194
6236
6275
6315
6355
6395
6435
6475
6515
6555
6595
6635
6675
6714
6755
6794
6835
6875
6914
6955
6994
7035
7074
7115
7154
7194
7235
7275
7314
7355
7394
7435
7474
7515
7555
7595
7635
7675
7714
7755
7794
7835
7875
7915
7954
7995
8034
8075
8114
8154
8194
8235
8273
8314
8353
8393
8434
8474
8514
8554
8594
8634
8674
8714
8754
8794
8835
8875
8915
8955
8995
9036
9075
9116
9156
9197
9237
9274
9314
9354
9394
9433
9475
9515
9554
9594
9635
9675
9716
9756
9798
9837
9875
9917
9957
9995
10036
10075
10115
10157
10195
10236
10277
10316
10355
10395
10436
10476
10517
10556
10597
10635
10676
10716
10756
10796
10835
10875
10916
10958
10996
11035
11075
11116
11155
11195
11236
11276
11316
11356
11397
11436
11475
11517
11555
11595
11636
11677
11716
11756
11795
11836
11876
11916
11956
11995
12035
12076
12116
12156
12195
12237
12276
12315
12355
12396
12436
12474
12514
12554
12595
12634
12675
12715
12755
12795
12836
12876
12916
12955
12995
13035
13075
13115
13156
13195
13234
13275
13313
13354
13394
13435
13476
13514
13554
13593
13634
13674
13714
13755
13794
13834
13874
13915
13954
13994
14034
14074
14115
14155
14195
14235
14275
14315
14355
14394
14435
14475
14515
14555
14595
14635
14675
14715
14754
14795
14835
14875
14915
14955
14995
15035
15075
15116
15154
15195
15234
15275
15315
15355
15395
15435
15475
15514
15556
15595
15634
15674
15715
15755
15794
15835
15875
15915
15955
15995
16034
16075
16114
16155
16193
16234
16273
16313
16353
16393
16433
16473
16513
16553
16593
16633
16674
16714
16755
16796
16835
16875
16915
16956
16995
17037
17076
17116
17156
17195
17236
17274
17315
17357
17394
17434
17476
17515
17554
17596
17635
17674
17714
17755
17795
17834
17875
17916
17955
17996
18036
18075
18114
18155
18195
18235
18274
18315
18354
18395
18434
18476
18516
18556
18596
18635
18675
18714
18756
18795
18834
18875
18915
18955
18994
19035
19074
19116
19155
19196
19235
19275
19316
19356
19395
19435
19476
19517
19554
19595
19635
19675
19716
19756
19796
19834
19876
19916
19955
19996
20035
20073
20114
20155
20195
20235
20275
20316
20357
20396
20434
20475
20514
20556
20595
20635
20676
20714
20755
20796
20835
20875
20915
20956
20995
21035
21075
21115
21155
21195
21235
21276
21315
21355
21395
21436
21475
21515
21555
21596
21635
21675
21714
21755
21795
21835
21875
21916
21956
21996
22036
22076
22116
22157
22196
22236
22276
22316
22356
22396
22436
22476
22516
22556
22596
22636
22676
22716
22756
22796
22836
22876
22916
22956
22996
23036
23076
23116
23157
23197
23236
23276
23317
23356
23396
23436
23476
23516
23556
23596
23637
23676
23716
23756
23796
23837
23876
23916
23955
23996
24036
24076
24116
24156
24196
24236
24275
24316
24356
24396
24436
24476
24516
24556
24597
24636
24676
24716
24756
24796
24836
24876
24916
24956
24995
25036
25076
25116
25156
25196
25237
25276
25316
25356
25396
25436
25477
25516
25556
25596
25636
25676
25716
25756
25797
25836
25876
25916
25956
25996
26036
26076
26116
26156
26196
26236
26276
26316
26356
26396
26436
26477
26516
26556
26596
26637
26676
26716
26756
26796
26836
26876
26916
26956
26996
27036
27076
27116
27156
27196
27236
27276
27316
27356
27396
27436
27476
27516
27557
27596
27636
27676
27716
27757
27796
27836
27876
27916
27957
27996
28036
28076
28116
28156
28197
28236
28257
28297
28337
28377
28417
28457
28497
28537
28577
28617
28657
28697
28737
28777
28817
28857
28897
28937
28977
29017
29057
29097
29137
29177
29217
29257
29297
29337
29377
29417
29457
29497
29537
29577
29617
29657
29697
29737
29779
29817
29857
29897
29937
29977
30017
30057
30097
30137
30177
30217
30257
30297
30337
30377
Error from Some(Owned(0x560eef360800, 104)): Output window was closed (Some("../gst-plugins-base/sys/xvimage/xvimagesink.c(554): gst_xv_image_sink_handle_xevents (): /GstPipeline:pipeline0/GstAutoVideoSink:autovideosink0/GstXvImageSink:autovideosink0-actual-sink-xvimage"))
