73
131
178
219
259
294
331
369
402
438
474
510
551
594
638
684
724
765
803
841
878
923
964
1001
1038
1076
1112
1153
1189
1226
1267
1306
1343
1384
1422
1461
1498
1538
1573
1610
1649
1687
1724
1759
1801
1842
1881
1924
1962
2004
2042
2080
2120
2159
2202
2239
2283
2320
2364
2401
2441
2482
2520
2560
2603
2643
2683
2721
2761
2803
2840
2879
2922
2962
3000
3039
3081
3119
3162
3201
3242
3279
3322
3361
3402
3444
3479
3522
3562
3601
3639
3682
3722
3761
3802
3842
3882
3921
3959
4000
4040
4082
4119
4159
4200
4239
4277
4316
4357
4397
4436
4478
4516
4554
4598
4638
4677
4717
4756
4797
4835
4877
4917
4957
4995
5036
5078
5117
5158
5198
5238
5277
5318
5358
5398
5439
5477
5518
5556
5599
5639
5677
5718
5757
5797
5838
5875
5919
5958
5998
6037
6078
6118
6158
6198
6238
6279
6318
6355
6399
6436
6478
6518
6559
6596
6637
6677
6718
6756
6799
6838
6877
6918
6956
6996
7037
7078
7117
7156
7198
7238
7274
7317
7358
7398
7437
7478
7515
7557
7595
7638
7678
7718
7757
7798
7840
7878
7919
7956
7995
8038
8075
8116
8157
8197
8235
8276
8317
8357
8396
8435
8476
8514
8555
8594
8637
8676
8714
8757
8796
8835
8875
8915
8955
8997
9036
9075
9115
9156
9196
9238
9277
9318
9358
9398
9440
9478
9520
9558
9600
9640
9678
9728
9763
9798
9839
9880
9921
9958
9998
10039
10076
10120
10159
10199
10239
10279
10320
10359
10399
10440
10478
10519
10559
10599
10639
10679
10720
10760
10799
10841
10877
10920
10958
10997
11038
11078
11119
11159
11198
11239
11276
11320
11359
11398
11438
11477
11518
11558
11598
11638
11678
11717
11759
11799
11838
11880
11919
11959
11998
12038
12078
12118
12158
12197
12238
12277
12319
12360
12401
12439
12479
12519
12559
12598
12639
12680
12718
12757
12796
12838
12876
12917
12957
12995
13036
13075
13116
13155
13196
13235
13276
13317
13358
13397
13437
13476
13515
13555
13594
13635
13673
13713
13754
13796
13835
13876
13915
13955
13994
14034
14075
14116
14155
14195
14236
14276
14316
14356
14396
14436
14477
14516
14555
14596
14637
14676
14718
14756
14796
14836
14877
14916
14958
14996
15036
15075
15116
15157
15197
15236
15275
15316
15357
15396
15436
15477
15514
15557
15596
15637
15677
15716
15756
15795
15836
15876
15915
15956
15996
16038
16077
16115
16155
16194
16236
16275
16317
16355
16396
16435
16475
16516
16555
16595
16635
16676
16715
16755
16794
16836
16877
16916
16957
16999
17038
17079
17118
17159
17200
17241
17280
17319
17358
17398
17440
17477
17520
17558
17599
17639
17679
17718
17758
17799
17840
17878
17920
17959
17999
18040
18080
18120
18158
18199
18237
18279
18318
18361
18400
18440
18480
18520
18559
18599
18640
18682
18718
18761
18800
18840
18879
18919
18957
19000
19038
19077
19119
19160
19200
19240
19277
19319
19360
19400
19439
19479
19518
19560
19598
19638
19679
19720
19760
19799
19839
19880
19917
19957
19998
20037
20078
20118
20159
20199
20238
20278
20321
20360
20399
20438
20477
20519
20557
20597
20637
20677
20716
20755
20793
20834
20875
20914
20954
20995
21033
21074
21115
21154
21194
21234
21276
21316
21355
21395
21435
21475
21513
21555
21594
21636
21676
21715
21756
21794
21834
21875
21916
21956
21994
22035
22076
22116
22155
22195
22235
22274
22315
22356
22395
22436
22476
22515
22554
22595
22636
22676
22715
22756
22795
22836
22876
22914
22955
22995
23036
23076
23115
23155
23195
23236
23275
23316
23355
23395
23435
23475
23515
23555
23595
23636
23675
23716
23755
23795
23835
23875
23915
23955
23993
24034
24075
24114
24154
24195
24234
24275
24315
24355
24396
24435
24475
24515
24557
24596
24634
24674
24714
24755
24796
24834
24875
24915
24955
24995
25033
25076
25114
25155
25195
25236
25275
25316
25356
25396
25435
25475
25515
25556
25596
25636
25674
25715
25756
25796
25836
25875
25914
25957
25995
26036
26075
26115
26157
26197
26235
26276
26317
26356
26395
26436
26475
26516
26556
26596
26635
26678
26715
26756
26795
26838
26874
26917
26955
26996
27036
27075
27114
27155
27195
27236
27275
27316
27356
27396
27436
27475
27517
27556
27595
27637
27676
27717
27756
27797
27836
27877
27916
27954
27996
28036
28076
28116
28156
28196
28236
