22
68
110
132
174
213
253
292
332
372
412
452
497
533
573
612
652
692
732
773
812
853
893
933
973
1012
1053
1092
1133
1173
1212
1252
1292
1332
1373
1412
1453
1493
1532
1573
1612
1653
1693
1732
1773
1812
1853
1892
1932
1972
2013
2052
2092
2133
2172
2212
2253
2292
2332
2373
2412
2452
2492
2532
2573
2612
2652
2692
2732
2772
2812
2852
2892
2933
2972
3012
3052
3092
3132
3172
3212
3252
3293
3332
3373
3413
3452
3492
3532
3572
3612
3652
3692
3732
3772
3812
3854
3893
3932
3972
4012
4052
4092
4132
4172
4213
4252
4292
4332
4372
4412
4451
4492
4532
4572
4612
4652
4692
4732
4772
4812
4852
4892
4932
4972
5012
5052
5092
5132
5172
5212
5252
5292
5332
5372
5412
5452
5492
5532
5572
5612
5652
5692
5732
5772
5812
5852
5892
5932
5972
6012
6052
6092
6132
6172
6212
6252
6292
6332
6372
6412
6452
6492
6532
6572
6612
6652
6692
6732
6772
6812
6852
6892
6932
6972
7012
7052
7092
7132
7172
7212
7252
7292
7332
7372
7412
7452
7492
7532
7572
7612
7652
7692
7732
7772
7812
7852
7892
7932
7972
8012
8052
8092
8131
8172
8212
8252
8292
8331
8372
8412
8452
8492
8532
8571
8612
8652
8691
8731
8771
8812
8852
8892
8932
8972
9013
9052
9092
9133
9172
9212
9252
9291
9331
9372
9411
9452
9492
9533
9572
9613
9652
9692
9732
9772
9812
9852
9892
9932
9972
10012
10052
10093
10132
10173
10212
10252
10292
10332
10372
10412
10452
10493
10533
10572
10613
10653
10692
10732
10772
10812
10852
10892
10932
10972
11012
11053
11092
11133
11172
11212
11252
11292
11332
11372
11412
11452
11492
11533
11572
11612
11652
11692
11732
11772
11812
11852
11892
11932
11972
12012
12052
12092
12133
12172
12212
12253
12292
12333
12372
12412
12452
12492
12531
12572
12611
12652
12692
12732
12772
12812
12852
12892
12932
12972
13012
13052
13092
13132
13172
13212
13252
13291
13331
13372
13412
13452
13491
13532
13571
13612
13652
13691
13732
13772
13811
13852
13892
13932
13971
14012
14051
14092
14132
14172
14212
14252
14292
14332
14372
14412
14452
14492
14532
14572
14612
14652
14692
14732
14772
14812
14852
14892
14933
14972
15012
15052
15092
15132
15172
15212
15252
15292
15332
15373
15412
15452
15492
15532
15572
15612
15652
15692
15732
15772
15812
15852
15892
15932
15972
16012
16052
16092
16132
16172
16212
16252
16291
16331
16373
16411
16452
16491
16531
16572
16611
16652
16692
16732
16772
16813
16852
16892
16932
16972
17012
17052
17092
17133
17172
17212
17252
17292
17332
17373
17412
17452
17492
17532
17572
17612
17652
17692
17731
17772
17812
17852
17892
17932
17972
18012
18052
18092
18132
18172
18212
18252
18292
18332
18372
18411
18453
18492
18532
18571
18612
18652
18692
18732
18772
18811
18852
18892
18931
18972
19012
19053
19092
19132
19172
19211
19252
19292
19332
19373
19412
19452
19492
19532
19571
19612
19652
19692
19732
19772
19811
19852
19892
19933
19972
20012
20052
20091
20132
20172
20212
20252
20292
20332
20373
20412
20452
20492
20532
20572
20612
20652
20692
20732
20772
20812
20852
20892
20932
20972
21012
21052
21092
21132
21172
21212
21252
21292
21332
21373
21412
21452
21492
21532
21572
21612
21652
21692
21732
21772
21812
21852
21892
21932
21972
22012
22052
22092
22132
22172
22212
22252
22292
22332
22372
22412
22452
22492
22532
22572
22612
22652
22692
22732
22772
22812
22852
22892
22932
22972
23012
23052
23092
23133
23172
23212
23252
23292
23332
23373
23412
23452
23492
23532
23572
23612
23652
23692
23732
23772
23812
23852
23892
23932
23972
24012
24052
24093
24132
24173
24212
24252
24292
24332
24373
24412
24452
24492
24532
24572
24612
24652
24692
24732
24772
24812
24852
24892
24933
24972
25012
25052
25092
25132
25172
25212
25252
25292
25332
25373
25412
25452
25493
25533
25572
25613
25652
25692
25732
25772
25812
25852
25892
25932
25972
26012
26052
26092
26132
26172
26212
26252
26292
26332
26373
26412
26452
26492
26532
26572
26612
26652
26692
26732
26772
26812
26852
26892
26932
26973
27012
27052
27092
27132
27172
27212
27252
27292
27332
27373
27412
27452
27492
27532
27572
27612
27652
27692
27732
27772
27812
27852
27892
27932
27972
28012
28052
28092
28132
28172
28212
28244
28284
28324
28364
28404
28444
28484
28524
28564
28604
28644
28684
28724
28764
28804
28844
28884
28924
28964
29004
29044
29084
29124
29164
29204
29244
29284
29324
29364
29404
29444
29484
29524
29564
29604
29644
29684
29724
29764
29804
29844
29884
29924
29964
30004
30044
30084
30124
30164
30204
30244
30284
30324
30364
Error from Some(Owned(0x564ef1198100, 104)): Output window was closed (Some("../gst-plugins-base/sys/xvimage/xvimagesink.c(554): gst_xv_image_sink_handle_xevents (): /GstPipeline:pipeline0/GstAutoVideoSink:autovideosink0/GstXvImageSink:autovideosink0-actual-sink-xvimage"))
