36
59
107
133
184
213
264
304
334
385
426
452
504
532
584
613
654
704
733
771
813
864
904
944
984
1024
1052
1093
1144
1174
1224
1264
1291
1344
1372
1412
1453
1493
1544
1574
1612
1653
1693
1733
1773
1813
1852
1893
1933
1972
2024
2053
2093
2144
2184
2213
2253
2293
2333
2373
2411
2465
2504
2533
2584
2624
2664
2693
2731
2771
2824
2863
2904
2933
2973
3024
3064
3093
3133
3184
3211
3264
3293
3343
3372
3424
3453
3493
3533
3572
3613
3652
3692
3732
3784
3812
3853
3892
3932
3973
4013
4052
4104
4144
4183
4212
4263
4292
4331
4381
4412
4462
4492
4542
4572
4622
4652
4702
4742
4782
4812
4862
4891
4941
4981
5011
5061
5091
5142
5172
5222
5252
5292
5342
5372
5422
5452
5501
5542
5572
5622
5652
5702
5732
5782
5813
5862
5891
5942
5972
6022
6052
6092
6132
6172
6212
6252
6292
6342
6382
6410
6461
6492
6541
6582
6611
6662
6702
6732
6782
6812
6862
6892
6941
6972
7021
7052
7093
7132
7172
7212
7261
7292
7331
7382
7412
7461
7501
7532
7582
7612
7662
7702
7732
7782
7812
7862
7891
7942
7972
8022
8062
8102
8136
8172
8223
8262
8302
8333
8382
8412
8462
8491
8532
8573
8622
8662
8702
8732
8772
8822
8851
8902
8931
8971
9011
9051
9091
9130
9183
9211
9263
9302
9342
9372
9422
9452
9503
9531
9572
9611
9651
9704
9731
9772
9823
9851
9903
9943
9983
10012
10063
10091
10143
10172
10223
10263
10292
10343
10383
10423
10452
10491
10531
10583
10612
10652
10703
10732
10771
10823
10851
10893
10931
10983
11012
11051
11103
11133
11183
11223
11263
11303
11333
11372
11412
11451
11503
11533
11571
11623
11663
11692
11731
11783
11812
11851
11903
11931
11971
12023
12051
12103
12132
12183
12212
12263
12292
12331
12383
12413
12463
12492
12531
12583
12624
12652
12702
12743
12782
12821
12852
12902
12942
12981
13021
13051
13091
13141
13181
13212
13261
13293
13341
13371
13411
13461
13501
13533
13581
13611
13651
13691
13744
13771
13821
13861
13901
13941
13981
14011
14061
14091
14132
14172
14211
14251
14301
14332
14381
14412
14451
14501
14532
14581
14621
14652
14701
14741
14772
14811
14861
14891
14941
14971
15012
15061
15093
15132
15181
15212
15251
15292
15331
15371
15413
15461
15501
15532
15581
15621
15661
15701
15741
15781
15811
15861
15893
15942
15971
16021
16062
16101
16131
16171
16221
16251
16301
16332
16381
16412
16461
16491
16541
16571
16622
16662
16692
16731
16771
16821
16851
16891
16942
16973
17012
17053
17092
17132
17185
17212
17252
17302
17342
17372
17423
17463
17491
17543
17572
17611
17663
17703
17731
17783
17812
17863
17903
17943
17983
18011
18063
18103
18143
18183
18211
18251
18303
18332
18383
18411
18451
18503
18543
18571
18612
18663
18692
18743
18772
18811
18863
18892
18931
18983
19012
19063
19103
19143
19173
19211
19251
19291
19332
19383
19411
19452
19503
19543
19571
19623
19663
19691
19731
19771
19825
19852
19903
19932
19982
20011
20063
20091
20143
20172
20223
20263
20303
20332
20382
20421
20452
20501
20533
20581
20612
20651
20701
20741
20771
20821
20851
20891
20931
20981
21021
21051
21101
21141
21171
21221
21252
21291
21331
21371
21421
21451
21501
21541
21571
21621
21652
21701
21731
21781
21812
21861
21892
21932
21981
22011
22061
22091
22141
22171
22221
22251
22301
22331
22381
22412
22461
22492
22541
22571
22612
22661
22701
22731
22781
22812
22861
22891
22932
22971
23021
23052
23092
23141
23171
23221
23252
23301
23341
23381
23411
23461
23492
23532
23571
23611
23661
23691
23741
23772
23821
23861
23892
23941
23971
24011
24061
24093
24131
24171
24221
24261
24301
24332
24381
24421
24451
24492
24533
24571
24611
24652
24701
24731
24781
24821
24852
24901
24932
24981
25021
25051
25101
25131
25181
25212
25252
25301
25331
25381
25421
25452
25501
25532
25581
25611
25661
25692
25731
25784
25821
25852
25901
25931
25981
26021
26061
26092
26131
26171
26224
26251
26301
26331
26371
26421
26451
26501
26532
26581
26621
26652
26701
26732
26782
26821
26851
26894
26932
26971
27021
27051
27101
27132
27181
27222
27251
27292
27341
27372
27411
27462
27501
27531
27571
27621
27651
27701
27731
27772
27812
27852
27892
27931
27982
28022
28051
28092
28131
28182
28222
