102
135
164
224
292
341
390
420
446
480
511
537
561
591
622
646
681
715
752
824
873
907
934
969
1008
1041
1107
1171
1221
1271
1295
1324
1374
1423
1446
1493
1515
1546
1568
1626
1674
1725
1775
1798
1829
1861
1907
1953
1982
2003
2055
2100
2149
2171
2217
2264
2310
2332
2378
2424
2444
2489
2520
2545
2611
2637
2669
2730
2775
2797
2832
2868
2930
2979
3002
3050
3079
3129
3159
3211
3259
3281
3333
3378
3423
3448
3478
3510
3551
3588
3664
3696
3719
3752
3810
3839
3888
3934
3955
4008
4055
4097
4135
4157
4184
4239
4285
4317
4343
4395
4435
4476
4515
4555
4596
4622
4660
4701
4742
4794
4834
4874
4903
4955
4994
5034
5060
5115
5137
5175
5238
5274
5315
5355
5381
5442
5466
5518
5555
5584
5643
5662
5715
5760
5783
5835
5875
5916
5964
5981
6020
6081
6123
6141
6181
6241
6276
6302
6356
6402
6443
6465
6524
6556
6581
6640
6665
6721
6755
6797
6835
6886
6917
6955
6978
7018
7082
7115
7155
7179
7239
7284
7316
7355
7396
7420
7463
7501
7561
7596
7617
7675
7724
7757
7779
7841
7862
7922
7956
7995
8019
8075
8115
8155
8194
8223
8274
8297
8358
8381
8434
8474
8496
8554
8594
8634
8662
8714
8753
8786
8834
8873
8913
8953
8993
9023
9074
9103
9144
9185
9245
9286
9311
9365
9410
9453
9495
9537
9577
9599
9644
9684
9725
9766
9808
9849
9890
9930
9971
10011
10053
10076
10140
10182
10201
10245
10262
10325
10370
10410
10452
10493
10534
10577
10595
10644
10670
10707
10743
10805
10845
10885
10925
10953
10990
11028
11066
11111
11150
11205
11255
11296
11337
11358
11390
11431
11463
11524
11564
11582
11645
11686
11709
11772
11813
11834
11885
11906
11948
12005
12047
12076
12110
12147
12189
12229
12285
12308
12349
12388
12446
12491
12534
12556
12608
12633
12688
12726
12746
12807
12837
12874
12902
12952
12998
13031
13071
13112
13152
13192
13221
13261
13313
13353
13393
13432
13474
13512
13552
13593
13632
13673
13700
13753
13781
13836
13859
13908
13953
13989
14032
14081
14099
14155
14194
14236
14276
14318
14357
14397
14437
14477
14517
14557
14596
14625
14677
14717
14757
14796
14821
14866
14917
14942
14998
15037
15078
15118
15158
15183
15241
15265
15317
15356
15397
15437
15476
15516
15540
15583
15637
15663
15716
15744
15781
15826
15876
15916
15945
15982
16037
16076
16106
16155
16195
16236
16276
16312
16337
16380
16433
16473
16496
16553
16581
16633
16661
16700
16753
16794
16816
16879
16914
16943
16983
17043
17088
17132
17179
17224
17244
17268
17325
17367
17391
17425
17470
17509
17543
17606
17649
17689
17730
17771
17812
17853
17876
17931
17972
18015
18036
18068
18139
18180
18223
18265
18307
18324
18346
18389
18425
18465
18525
18568
18610
18652
18694
18736
18780
18803
18824
18885
18910
18966
19008
19032
19085
19128
19151
19190
19246
19290
19334
19355
19405
19429
19463
19509
19548
19608
19631
19666
19726
19770
19813
19858
19902
19921
19977
20019
20040
20089
20111
20167
20210
20252
20274
20335
20352
20400
20424
20463
20514
20554
20593
20632
20672
20712
20740
20780
20832
20855
20912
20960
20992
21032
21060
21119
21152
21178
21232
21270
21293
21333
21389
21434
21470
21497
21550
21591
21632
21672
21712
21752
21792
21828
21872
21912
21952
21992
22032
22072
22099
22157
22176
22232
22272
22312
22352
22392
22432
22460
22512
22540
22580
22630
22683
22709
22750
22793
22825
22873
22909
22952
23004
23032
23056
23113
23159
23192
23232
23272
23312
23352
23392
23432
23481
23512
23552
23594
23632
23672
23714
23741
23780
23832
23873
23913
23953
23993
24023
24074
24112
24152
24192
24232
24272
24313
24353
24398
24432
24459
24518
24542
24593
24632
24660
24712
24760
24793
24820
24874
24895
24958
24981
25023
25081
25102
25160
25182
25219
25274
25314
25354
25380
25433
25459
25513
25543
25604
25637
25676
25715
25755
25794
25835
25874
25914
25955
25995
26035
26075
26101
26155
26195
26235
26275
26305
26354
26382
26434
26462
26514
26554
26594
26620
26674
26713
26741
26779
26834
26863
26904
26957
26994
27020
27074
27100
27154
27180
27224
27274
27314
27354
27394
27434
27474
27514
27554
27597
27621
27665
27714
27754
27794
27821
27874
27913
27942
27995
28034
28061
28114
28154
28194
28225
28258
28299
28338
28379
28419
28458
28499
28538
28579
28617
28658
28698
28736
28777
28817
28857
28898
28938
28978
29019
29058
29098
29137
29178
29216
29259
29299
29337
29380
29419
29460
29500
29540
29581
29619
29660
29699
29738
29780
29818
29858
29898
29939
29980
30018
30061
30099
30137
30179
30217
30259
30300
30338
30378
