68
138
190
229
269
303
338
374
408
443
488
530
571
614
651
688
722
760
793
831
867
902
940
977
1014
1051
1092
1126
1161
1201
1245
1282
1321
1367
1406
1443
1482
1519
1567
1603
1642
1685
1723
1762
1802
1841
1880
1920
1961
2000
2039
2080
2120
2159
2200
2240
2279
2320
2360
2399
2440
2480
2521
2562
2599
2639
2681
2720
2759
2799
2839
2881
2920
2959
3001
3039
3079
3119
3160
3199
3240
3281
3320
3362
3399
3441
3479
3521
3561
3600
3640
3680
3722
3762
3800
3840
3879
3920
3962
4002
4044
4082
4121
4162
4200
4243
4280
4320
4359
4399
4438
4479
4519
4559
4599
4639
4679
4718
4758
4798
4838
4879
4919
4959
4998
5038
5079
5118
5158
5198
5239
5278
5318
5359
5399
5439
5478
5519
5559
5599
5640
5679
5719
5759
5800
5840
5879
5919
5959
5999
6040
6080
6118
6159
6202
6240
6282
6322
6360
6399
6440
6479
6519
6559
6600
6639
6679
6719
6759
6799
6839
6879
6918
6959
6999
7039
7078
7119
7159
7198
7239
7279
7319
7359
7400
7439
7479
7519
7559
7600
7639
7679
7720
7759
7799
7839
7879
7920
7962
8000
8039
8078
8118
8159
8198
8237
8277
8318
8357
8398
8438
8479
8521
8560
8600
8637
8679
8718
8758
8799
8839
8879
8919
8958
9001
9039
9080
9120
9160
9199
9239
9278
9318
9358
9398
9438
9479
9519
9559
9598
9639
9680
9719
9760
9803
9840
9879
9921
9958
10001
10040
10079
10120
10160
10201
10240
10279
10320
10360
10401
10440
10480
10520
10560
10599
10640
10679
10718
10761
10799
10841
10880
10920
10960
10999
11040
11079
11120
11160
11200
11239
11279
11320
11360
11400
11440
11480
11519
11561
11600
11640
11679
11719
11760
11799
11839
11878
11920
11959
12000
12040
12080
12118
12159
12201
12239
12279
12320
12359
12400
12438
12478
12519
12559
12598
12638
12679
12719
12759
12798
12839
12879
12920
12958
13001
13040
13079
13118
13158
13200
13238
13277
13317
13359
13400
13438
13478
13518
13558
13597
13638
13676
13717
13757
13798
13838
13878
13918
13959
13998
14038
14079
14120
14159
14199
14239
14281
14321
14359
14399
14439
14479
14520
14559
14600
14639
14679
14719
14759
14799
14840
14880
14921
14959
14999
15040
15079
15120
15159
15199
15239
15279
15319
15360
15399
15439
15479
15519
15559
15600
15640
15679
15718
15759
15800
15838
15879
15919
15959
15999
16044
16078
16119
16159
16198
16238
16277
16317
16356
16397
16436
16477
16517
16558
16598
16638
16678
16719
16759
16799
16839
16879
16919
16959
17000
17040
17079
17122
17161
17199
17239
17280
17320
17359
17399
17440
17479
17520
17558
17598
17639
17678
17718
17757
17799
17840
17879
17918
17958
17999
18040
18079
18118
18158
18200
18241
18279
18319
18359
18398
18438
18479
18519
18559
18598
18640
18679
18718
18759
18799
18842
18879
18922
18959
19000
19039
19080
19119
19158
19199
19239
19278
19319
19358
19403
19439
19479
19519
19560
19599
19640
19677
19719
19760
19800
19840
19880
19920
19957
19998
20039
20079
20119
20159
20199
20240
20280
20319
20360
20399
20440
20478
20519
20559
20599
20638
20680
20719
20759
20800
20840
20879
20919
20959
20999
21039
21079
21119
21159
21199
21240
21279
21319
21359
21399
21439
21479
21519
21559
21599
21639
21678
21718
21759
21799
21840
21880
21919
21961
22000
22040
22081
22120
22162
22201
22241
22281
22320
22362
22400
22440
22480
22520
22561
22600
22640
22681
22720
22761
22800
22840
22880
22920
22961
23001
23041
23080
23121
23160
23201
23241
23281
23321
23362
23401
23440
23480
23520
23560
23600
23640
23680
23721
23760
23800
23841
23881
23921
23961
24000
24040
24080
24120
24161
24201
24240
24281
24320
24361
24401
24440
24480
24520
24561
24600
24640
24680
24720
24761
24801
24840
24880
24920
24961
25000
25040
25080
25121
25161
25201
25241
25281
25321
25361
25401
25440
25481
25521
25560
25601
25641
25681
25720
25760
25800
25840
25880
25920
25960
26000
26041
26080
26120
26160
26200
26241
26280
26320
26361
26400
26441
26482
26521
26560
26600
26641
26681
26720
26761
26801
26840
26881
26920
26961
27000
27042
27081
27121
27160
27200
27240
27280
27321
27360
27400
27440
27480
27521
27561
27602
27641
27681
27721
27761
27800
27841
27880
27921
27960
28001
28040
28080
28121
28162
28203
28243
28262
28301
28342
28382
28421
28461
28501
28541
28581
28621
28661
28701
28742
28781
28821
28861
28901
28941
28981
29022
29061
29101
29141
29181
29221
29261
29301
29342
29381
29421
29461
29501
29541
29581
29621
29661
29701
29741
29781
29821
29862
29902
29941
29981
30021
30061
30101
30141
30181
30221
30261
30301
30341
30381
Error from Some(Owned(0x5635fe51bcd0, 104)): Output window was closed (Some("../gst-plugins-base/sys/xvimage/xvimagesink.c(554): gst_xv_image_sink_handle_xevents (): /GstPipeline:pipeline0/GstAutoVideoSink:autovideosink0/GstXvImageSink:autovideosink0-actual-sink-xvimage"))
