86
184
237
287
349
386
418
459
494
577
665
750
800
834
877
964
1048
1099
1163
1242
1286
1320
1456
1522
1574
1627
1680
1745
1832
1867
1899
1932
1975
2027
2057
2092
2143
2194
2266
2302
2338
2372
2462
2490
2527
2594
2658
2726
2807
2857
2923
2999
3033
3068
3135
3207
3257
3308
3361
3435
3473
3507
3529
3575
3623
3687
3774
3877
3922
3972
4025
4098
4150
4203
4256
4283
4335
4406
4475
4510
4538
4569
4602
4651
4701
4751
4784
4837
4889
4942
5033
5087
5143
5207
5278
5331
5370
5419
5504
5592
5646
5682
5702
5767
5824
5901
5965
6002
6035
6069
6127
6187
6230
6266
6303
6350
6382
6415
6447
6479
6512
6544
6577
6611
6643
6661
6694
6725
6754
6806
6875
6921
6987
7050
7119
7155
7194
7233
7271
7345
7408
7470
7496
7529
7556
7589
7613
7637
7676
7703
7736
7766
7810
7842
7873
7907
7951
8016
8081
8176
8245
8308
8362
8425
8455
8480
8510
8546
8616
8668
8688
8707
8760
8807
8823
8840
8853
8891
8910
8954
8979
9003
9026
9048
9070
9094
9115
9151
9187
9222
9251
9278
9358
9394
9422
9520
9580
9626
9672
9744
9829
9894
9940
9986
10032
10082
10130
10175
10260
10282
10323
10384
10441
10482
10557
10656
10697
10739
10760
10790
10822
10849
10932
11011
11070
11111
11154
11195
11236
11267
11292
11323
11362
11386
11469
11540
11603
11648
11692
11738
11778
11843
11921
11950
11981
12019
12049
12082
12110
12130
12176
12221
12276
12326
12372
12417
12482
12546
12575
12602
12664
12697
12724
12786
12852
12935
12975
13002
13024
13091
13163
13232
13264
13295
13340
13369
13401
13435
13468
13502
13514
13537
13560
13594
13627
13650
13682
13701
13716
13753
13783
13796
13879
13929
13985
14020
14049
14079
14116
14183
14225
14274
14303
14386
14414
14459
14526
14562
14613
14648
14684
14720
14745
14762
14798
14833
14901
14940
14967
14991
15020
15056
15077
15101
15153
15213
15250
15290
15330
15364
15398
15442
15527
15598
15632
15658
15679
15776
15795
15827
15875
15919
15947
15999
16055
16107
16153
16189
16226
16254
16312
16345
16378
16409
16449
16476
16499
16550
16600
16630
16651
16683
16718
16751
16787
16812
16898
16924
16942
16977
17031
17100
17148
17193
17226
17282
17324
17366
17439
17516
17579
17627
17665
17683
17735
17783
17852
17920
17962
17984
18010
18041
18075
18121
18165
18209
18255
18308
18393
18467
18513
18542
18569
18598
18617
18646
18674
18733
18778
18800
18827
18877
18928
18977
19027
19076
19125
19174
19223
19272
19298
19347
19396
19444
19517
19578
19626
19676
19725
19772
19819
19866
19914
19949
19978
20002
20048
20096
20143
20207
20253
20273
20309
20339
20365
20410
20456
20502
20548
20612
20657
20719
20777
20794
20828
20883
20946
20992
21046
21092
21168
21246
21289
21331
21376
21399
21461
21500
21527
21569
21601
21622
21681
21740
21763
21802
21850
21876
21925
21950
21983
22026
22077
22109
22150
22175
22229
22269
22309
22357
22378
22446
22471
22514
22562
22589
22631
22690
22706
22741
22789
22844
22906
22926
22987
23026
23062
23087
23126
23159
23193
23228
23302
23362
23400
23425
23442
23483
23520
23542
23608
23646
23685
23719
23768
23802
23837
23889
23924
23959
23996
24036
24104
24122
24158
24197
24235
24272
24327
24353
24419
24441
24490
24526
24560
24609
24639
24691
24725
24785
24826
24852
24889
24916
24940
25017
25074
25096
25160
25193
25213
25242
25274
25306
25379
25411
25443
25475
25529
25556
25596
25625
25680
25755
25776
25826
25846
25864
25922
25986
26014
26037
26086
26119
26166
26210
26252
26304
26325
26378
26426
26465
26497
26529
26552
26618
26640
26687
26749
26782
26801
26822
26881
26933
26956
26996
27041
27095
27130
27159
27183
27259
27293
27328
27362
27393
27434
27475
27514
27565
27607
27642
27664
27728
27781
27821
27841
27864
27917
27980
28005
28038
28059
28119
28161
28235
28266
28285
28302
28353
28382
28433
28473
28513
28540
28580
28637
28659
28701
28753
28794
28819
28873
28902
28953
28995
29035
29074
29114
29154
29180
29234
29260
29318
29355
29378
29434
29459
29513
29540
29594
29620
29680
29699
29753
29794
29834
29859
29899
29940
29999
30034
30074
30115
30154
30179
30235
30274
30301
30354
30393
