90
148
183
219
242
284
309
336
374
402
441
513
523
536
615
630
668
705
764
830
842
883
925
946
1001
1034
1082
1122
1178
1211
1235
1284
1330
1342
1390
1439
1470
1516
1555
1597
1634
1674
1705
1764
1786
1840
1870
1923
1954
2003
2034
2087
2110
2156
2195
2244
2277
2314
2351
2392
2438
2477
2536
2566
2597
2637
2678
2724
2755
2795
2825
2880
2919
2944
2991
3029
3084
3103
3163
3204
3265
3289
3312
3356
3396
3463
3485
3515
3556
3595
3629
3668
3724
3762
3786
3826
3876
3903
3970
4013
4061
4074
4123
4177
4196
4234
4276
4314
4359
4394
4429
4473
4514
4556
4602
4639
4663
4717
4760
4795
4823
4878
4909
4963
4983
5037
5077
5116
5148
5203
5214
5280
5299
5357
5396
5436
5475
5493
5587
5604
5636
5670
5714
5784
5802
5824
5885
5906
5945
5995
6042
6075
6120
6155
6186
6234
6275
6308
6363
6402
6443
6482
6499
6533
6596
6636
6677
6716
6750
6795
6836
6863
6916
6955
6996
7037
7068
7115
7165
7205
7241
7262
7321
7355
7396
7436
7472
7531
7552
7584
7626
7681
7713
7760
7795
7854
7879
7922
7943
8003
8029
8064
8124
8139
8206
8229
8263
8306
8362
8401
8436
8479
8521
8543
8599
8637
8683
8710
8764
8794
8819
8894
8913
8953
9005
9026
9067
9117
9156
9201
9243
9272
9296
9364
9373
9434
9475
9516
9579
9618
9642
9675
9709
9766
9788
9845
9868
9921
9935
9999
10031
10080
10105
10156
10185
10244
10258
10336
10360
10395
10436
10475
10512
10560
10597
10656
10667
10715
10752
10797
10836
10872
10922
10948
10999
11033
11084
11124
11136
11202
11236
11267
11310
11359
11382
11437
11473
11521
11564
11589
11631
11677
11720
11755
11802
11824
11879
11923
11957
11996
12039
12085
12108
12163
12196
12237
12281
12304
12344
12402
12439
12462
12501
12544
12590
12620
12679
12721
12760
12800
12823
12873
12913
12953
12993
13029
13074
13103
13160
13193
13233
13273
13313
13363
13382
13424
13477
13513
13555
13589
13633
13658
13709
13759
13788
13838
13874
13921
13972
13999
14015
14098
14124
14142
14202
14229
14281
14323
14357
14396
14448
14461
14497
14557
14596
14639
14680
14721
14761
14800
14823
14868
14930
14949
14997
15036
15063
15113
15143
15196
15214
15279
15317
15358
15410
15442
15463
15512
15561
15582
15635
15668
15718
15738
15822
15841
15883
15924
15947
15995
16042
16094
16112
16138
16200
16223
16277
16337
16354
16404
16436
16494
16518
16538
16593
16635
16675
16702
16759
16794
16838
16863
16916
16949
17004
17045
17066
17135
17157
17195
17231
17269
17340
17354
17418
17427
17479
17522
17560
17594
17641
17675
17715
17749
17784
17838
17860
17922
17955
17991
18037
18081
18119
18155
18195
18235
18275
18313
18351
18388
18441
18478
18520
18562
18593
18633
18667
18722
18759
18785
18825
18873
18915
18971
18997
19035
19070
19124
19153
19194
19224
19276
19300
19363
19397
19445
19467
19523
19554
19582
19641
19675
19716
19755
19798
19835
19876
19903
19944
20000
20021
20081
20115
20153
20193
20235
20275
20315
20354
20394
20433
20479
20513
20542
20604
20635
20674
20714
20772
20801
20827
20874
20913
20954
20998
21045
21065
21114
21149
21211
21232
21291
21326
21346
21392
21449
21471
21509
21564
21596
21635
21680
21718
21766
21787
21829
21879
21895
21949
21998
22043
22063
22113
22159
22198
22228
22285
22306
22343
22404
22424
22468
22516
22557
22597
22622
22660
22719
22793
22801
22842
22862
22898
22960
22997
23037
23080
23116
23163
23201
23214
23281
23307
23335
23393
23418
23476
23522
23562
23575
23633
23673
23716
23781
23803
23823
23877
23902
23954
23995
24039
24060
24115
24154
24198
24237
24272
24326
24357
24397
24434
24475
24542
24555
24603
24631
24669
24723
24759
24796
24840
24879
24911
24959
24990
25036
25076
25116
25151
25197
25225
25277
25303
25336
25419
25442
25479
25524
25571
25602
25629
25656
25717
25763
25824
25837
25877
25918
25959
25997
26030
26076
26116
26155
26192
26249
26269
26310
26372
26393
26442
26471
26523
26544
26596
26624
26705
26717
26755
26796
26836
26878
26916
26956
26996
27036
27076
27117
27157
27193
27238
27263
27306
27335
27396
27432
27493
27507
27556
27596
27624
27686
27704
27756
27784
27839
27863
27920
27949
27997
28040
28078
28106
28143
28204
28234
